[0m[38;2;0;0;0m                                                                                                          [0m
[0m[38;2;0;0;0m                                                                                                          [0m
[0m[38;2;0;0;0m                                                                                                          [0m
[0m[38;2;0;0;0m                                                                                                          [0m
[0m[38;2;0;0;0m                                                                                                          [0m
[0m[38;2;0;0;0m                                                  [38;2;9;9;9m [38;2;6;6;6m.[38;2;18;18;18m'[38;2;19;19;19m'[38;2;15;15;15m'[38;2;4;4;4m [38;2;4;4;4m [38;2;0;0;0m                                                 [0m
[0m[38;2;0;0;0m                                      [38;2;2;2;2m [38;2;39;39;39m-[38;2;67;66;67mj[38;2;95;94;95ma[38;2;120;119;120mu[38;2;143;142;143mz[38;2;165;164;165mX[38;2;182;181;182mB[38;2;202;201;201mA[38;2;216;216;216mG[38;2;222;222;223m8[38;2;222;223;225m8[38;2;223;225;227m8[38;2;220;222;225m8[38;2;218;219;222mG[38;2;217;219;222mG[38;2;218;219;222mG[38;2;221;222;225m8[38;2;219;221;223m8[38;2;222;223;225m8[38;2;221;220;222m8[38;2;217;217;217mG[38;2;205;204;204mA[38;2;190;189;189mB[38;2;172;170;171mX[38;2;152;151;152mz[38;2;132;131;132mv[38;2;110;109;110mo[38;2;81;80;81mt[38;2;55;55;55mc[38;2;20;20;20m'[38;2;1;1;1m [38;2;0;0;0m                                    [0m
[0m[38;2;0;0;0m                                [38;2;5;5;5m [38;2;57;56;57mc[38;2;101;101;101ma[38;2;142;142;142my[38;2;182;181;181mM[38;2;215;214;215mG[38;2;231;231;232m%[38;2;205;208;212mA[38;2;173;180;187mM[38;2;144;153;164mz[38;2;119;136;153my[38;2;94;117;137mo[38;2;71;104;132ma[38;2;50;89;123mt[38;2;33;74;110mj[38;2;16;65;107mc[38;2;5;59;103m![38;2;2;54;97m-[38;2;3;58;104m![38;2;3;58;105m![38;2;5;61;106m![38;2;3;59;106m![38;2;2;57;104m![38;2;2;59;106m![38;2;2;58;104m![38;2;3;57;101m![38;2;5;60;107m![38;2;16;64;106mc[38;2;32;74;110mj[38;2;47;88;123mt[38;2;65;99;130mk[38;2;85;112;137mo[38;2;107;130;150mv[38;2;133;147;160mz[38;2;163;171;180mX[38;2;193;198;204mE[38;2;224;225;228m8[38;2;231;230;231m8[38;2;198;198;198mE[38;2;159;158;158mI[38;2;116;115;116mu[38;2;71;71;71mj[38;2;18;18;18m'[38;2;0;0;0m                               [0m
[0m[38;2;0;0;0m                           [38;2;1;1;1m [38;2;40;40;40m-[38;2;99;99;99ma[38;2;152;152;152mz[38;2;204;203;203mA[38;2;235;235;235m%[38;2;196;200;204mE[38;2;152;161;171mI[38;2;110;130;148mv[38;2;71;103;131ma[38;2;33;76;112mj[38;2;5;56;101m![38;2;7;64;111m![38;2;20;74;119mc[38;2;2;73;131mc[38;2;13;77;128mc[38;2;94;136;164mv[38;2;61;104;135ma[38;2;80;112;131mo[38;2;153;168;172mX[38;2;148;164;167mI[38;2;85;111;126mo[38;2;142;157;164mI[38;2;161;171;172mX[38;2;116;134;142mv[38;2;196;191;176mB[38;2;190;187;175mB[38;2;43;95;138mk[38;2;2;72;130mc[38;2;53;101;136mk[38;2;229;218;194mG[38;2;55;96;127mk[38;2;137;155;161mz[38;2;144;157;160mI[38;2;82;118;143mo[38;2;132;150;157mz[38;2;117;138;147my[38;2;58;101;130mk[38;2;85;127;154mu[38;2;32;88;131mt[38;2;25;77;117mj[38;2;10;62;104m![38;2;19;68;110mc[38;2;54;95;130mk[38;2;93;119;142mu[38;2;136;153;168mz[38;2;183;187;192mB[38;2;228;229;232m8[38;2;217;216;216mG[38;2;164;164;164mX[38;2;112;112;112mo[38;2;55;55;55mc[38;2;5;5;5m [38;2;0;0;0m                          [0m
[0m[38;2;0;0;0m                        [38;2;4;3;4m [38;2;79;78;79mt[38;2;154;153;153mI[38;2;222;222;222m8[38;2;235;235;237m%[38;2;176;182;188mM[38;2;116;132;148mv[38;2;59;93;122mk[38;2;12;60;101m![38;2;2;59;107m![38;2;26;82;127mj[38;2;32;88;132mt[38;2;90;125;148mu[38;2;101;130;147mv[38;2;64;102;129ma[38;2;200;197;181mE[38;2;135;148;151mz[38;2;54;97;129mk[38;2;2;71;128mc[38;2;100;128;142mu[38;2;221;212;191mG[38;2;77;103;120ma[38;2;213;204;183mA[38;2;106;132;148mv[38;2;147;156;154mI[38;2;205;204;194mA[38;2;137;152;155mz[38;2;142;152;151mz[38;2;214;208;192mA[38;2;225;215;194mG[38;2;24;78;121mj[38;2;1;70;126mc[38;2;169;175;168mM[38;2;190;188;174mB[38;2;115;136;147mv[38;2;205;200;184mE[38;2;118;134;140mv[38;2;97;117;125mo[38;2;231;218;192mG[38;2;95;120;135mu[38;2;123;143;152my[38;2;230;220;197mG[38;2;186;186;175mB[38;2;65;97;117mk[38;2;216;206;185mA[38;2;128;143;147my[38;2;111;135;148mv[38;2;122;149;162mz[38;2;30;86;132mt[38;2;2;66;118m![38;2;5;61;107m![38;2;43;86;122mt[38;2;98;123;145mu[38;2;156;164;172mX[38;2;218;220;223mG[38;2;232;232;232m%[38;2;166;166;166mX[38;2;96;96;96ma[38;2;13;13;13m.[38;2;0;0;0m                       [0m
[0m[38;2;0;0;0m                     [38;2;1;1;1m [38;2;79;79;79mt[38;2;163;163;163mX[38;2;237;236;236m%[38;2;206;210;214mA[38;2;129;142;155my[38;2;62;91;117mk[38;2;9;60;103m![38;2;3;62;111m![38;2;44;96;137mk[38;2;56;101;134mk[38;2;140;155;158mz[38;2;136;156;166mz[38;2;149;156;155mI[38;2;143;152;151mz[38;2;201;194;173mE[38;2;208;201;183mA[38;2;215;208;188mA[38;2;169;170;160mX[38;2;128;140;144my[38;2;215;208;189mA[38;2;15;77;126mj[38;2;2;73;129mc[38;2;148;161;161mI[38;2;85;119;140mo[38;2;116;140;151my[38;2;151;157;150mI[38;2;94;122;140mu[38;2;120;140;146my[38;2;136;152;155mz[38;2;62;99;124mk[38;2;110;132;143mv[38;2;92;124;146mu[38;2;46;92;128mt[38;2;9;68;116mc[38;2;117;141;154my[38;2;70;107;132ma[38;2;93;116;129mo[38;2;144;160;162mI[38;2;140;153;153mz[38;2;105;124;131mu[38;2;173;177;168mM[38;2;75;108;129ma[38;2;205;198;180mE[38;2;176;179;171mM[38;2;154;162;160mI[38;2;73;111;136ma[38;2;160;168;166mX[38;2;13;72;118mc[38;2;199;196;181mE[38;2;83;116;137mo[38;2;29;87;133mt[38;2;104;131;146mv[38;2;125;145;153my[38;2;133;158;169mz[38;2;35;86;126mt[38;2;41;93;133mt[38;2;3;64;113m![38;2;42;79;111mj[38;2;111;132;151mv[38;2;181;187;194mB[38;2;239;239;240m%[38;2;187;186;187mB[38;2;106;106;106mo[38;2;14;14;14m.[38;2;0;0;0m                    [0m
[0m[38;2;0;0;0m                   [38;2;3;3;3m [38;2;121;120;121mu[38;2;223;222;223m8[38;2;229;230;232m8[38;2;137;148;159mz[38;2;47;81;112mt[38;2;2;55;101m![38;2;10;76;129mc[38;2;86;126;153mu[38;2;110;135;147mv[38;2;133;146;149mz[38;2;184;185;175mB[38;2;75;106;127ma[38;2;177;179;170mM[38;2;177;179;169mM[38;2;94;118;132mo[38;2;167;174;169mX[38;2;120;135;140mv[38;2;197;194;180mE[38;2;145;154;154mz[38;2;102;123;133mu[38;2;115;143;155my[38;2;103;131;148mv[38;2;5;71;126mc[38;2;2;73;131mc[38;2;7;71;123mc[38;2;3;64;114m![38;2;1;62;112m![38;2;4;56;100m![38;2;41;92;134mt[38;2;45;90;128mt[38;2;53;94;128mk[38;2;68;104;133ma[38;2;66;101;129ma[38;2;120;136;148my[38;2;155;159;161mI[38;2;156;159;160mI[38;2;123;133;143mv[38;2;67;101;130ma[38;2;48;89;122mt[38;2;47;87;122mt[38;2;20;71;117mc[38;2;1;57;105m![38;2;2;60;109m![38;2;3;60;107m![38;2;16;73;119mc[38;2;33;84;124mj[38;2;24;77;120mj[38;2;95;124;141mu[38;2;35;78;112mj[38;2;179;178;164mM[38;2;162;168;161mX[38;2;79;110;132mo[38;2;64;107;137ma[38;2;180;183;174mM[38;2;163;170;164mX[38;2;238;225;198m8[38;2;179;182;172mM[38;2;57;100;131mk[38;2;43;92;128mt[38;2;115;144;159my[38;2;2;74;132mc[38;2;10;67;112mc[38;2;20;66;104mc[38;2;98;119;140mu[38;2;186;191;198mB[38;2;246;245;246mW[38;2;171;170;170mX[38;2;61;60;61mj[38;2;0;0;0m                  [0m
[0m[38;2;0;0;0m                   [38;2;148;147;148mz[38;2;253;253;252m0[38;2;123;134;146mv[38;2;11;55;95m![38;2;1;66;119m![38;2;74;113;142mo[38;2;91;122;142mu[38;2;115;134;144mv[38;2;136;149;152mz[38;2;159;167;162mX[38;2;93;114;126mo[38;2;152;162;162mI[38;2;182;185;175mB[38;2;98;121;136mu[38;2;176;177;166mM[38;2;22;77;120mj[38;2;19;80;126mj[38;2;64;109;141ma[38;2;19;71;113mc[38;2;1;59;108m![38;2;1;56;101m![38;2;4;47;86m-[38;2;30;65;95mc[38;2;62;85;103mt[38;2;93;105;111ma[38;2;119;122;120mu[38;2;141;140;133my[38;2;121;125;125mv[38;2;131;129;128mv[38;2;185;174;165mM[38;2;210;198;186mE[38;2;204;193;184mE[38;2;229;214;202mG[38;2;232;220;211m8[38;2;236;222;211m8[38;2;244;231;220m%[38;2;239;225;213m8[38;2;226;209;195mG[38;2;204;190;178mE[38;2;212;199;187mA[38;2;188;172;161mM[38;2;150;141;135mz[38;2;133;134;133my[38;2;159;157;148mI[38;2;139;139;130my[38;2;112;117;116mu[38;2;83;100;110ma[38;2;50;77;99mj[38;2;15;54;88m![38;2;1;49;90m-[38;2;2;56;102m![38;2;2;63;113m![38;2;1;68;124mc[38;2;86;118;138mo[38;2;94;119;132mo[38;2;111;128;134mv[38;2;232;220;198m8[38;2;57;96;125mk[38;2;60;106;138ma[38;2;179;185;179mB[38;2;30;81;120mj[38;2;136;152;157mz[38;2;136;147;148mz[38;2;139;159;167mI[38;2;30;84;124mj[38;2;15;69;113mc[38;2;36;77;111mj[38;2;128;141;154my[38;2;228;229;232m8[38;2;201;201;201mE[38;2;69;69;69mj[38;2;0;0;0m                [0m
[0m[38;2;0;0;0m                  [38;2;45;44;45m-[38;2;224;223;224m8[38;2;253;252;252m0[38;2;121;129;140mv[38;2;1;47;88m-[38;2;1;70;126mc[38;2;42;90;126mt[38;2;197;193;177mE[38;2;215;205;183mA[38;2;106;134;153mv[38;2;131;146;150my[38;2;168;175;169mM[38;2;114;130;137mv[38;2;100;130;149mv[38;2;58;101;131mk[38;2;5;67;117mc[38;2;1;56;103m![38;2;4;49;88m-[38;2;42;68;90mc[38;2;95;107;114mo[38;2;142;144;138mz[38;2;187;179;162mM[38;2;198;194;177mE[38;2;169;178;172mM[38;2;128;150;160mz[38;2;93;130;154mu[38;2;107;141;162my[38;2;142;137;131my[38;2;216;201;187mA[38;2;242;230;221m%[38;2;237;225;215m8[38;2;234;220;208m8[38;2;237;223;210m8[38;2;244;232;222m%[38;2;231;213;200mG[38;2;232;213;199mG[38;2;237;220;206m8[38;2;237;217;200m8[38;2;236;219;205m8[38;2;231;214;201mG[38;2;229;210;196mG[38;2;233;217;205mG[38;2;237;223;212m8[38;2;207;191;177mE[38;2;155;144;135mz[38;2;134;150;160mz[38;2;89;128;151mu[38;2;119;143;155my[38;2;156;167;164mX[38;2;192;194;180mE[38;2;199;193;176mE[38;2;165;161;148mI[38;2;115;117;114mu[38;2;63;84;100mt[38;2;12;49;81m-[38;2;1;53;98m-[38;2;3;63;112m![38;2;20;79;124mj[38;2;9;72;120mc[38;2;164;168;160mX[38;2;102;121;131mu[38;2;156;169;169mX[38;2;135;148;150mz[38;2;200;196;179mE[38;2;214;204;181mA[38;2;168;171;163mX[38;2;130;146;151my[38;2;143;158;161mI[38;2;41;90;127mt[38;2;14;52;86m![38;2;206;210;213mA[38;2;252;252;252m0[38;2;51;51;51m![38;2;0;0;0m               [0m
[0m[38;2;0;0;0m               [38;2;12;12;12m.[38;2;112;112;112mo[38;2;201;201;201mE[38;2;228;229;231m8[38;2;144;155;166mI[38;2;64;96;127mk[38;2;6;59;105m![38;2;1;53;97m-[38;2;1;42;79m:[38;2;1;70;127mc[38;2;22;80;125mj[38;2;173;176;168mM[38;2;97;123;139mu[38;2;86;120;141mo[38;2;18;74;119mc[38;2;1;58;105m![38;2;2;51;93m-[38;2;44;71;94mj[38;2;110;116;117mu[38;2;171;165;150mX[38;2;227;213;187mG[38;2;235;224;200m8[38;2;165;176;172mM[38;2;98;129;147mu[38;2;58;104;137ma[38;2;84;122;148mu[38;2;134;154;161mz[38;2;179;184;176mB[38;2;208;204;188mA[38;2;155;153;148mI[38;2;201;189;178mB[38;2;234;221;209m8[38;2;240;226;214m8[38;2;234;220;209m8[38;2;213;187;168mE[38;2;219;182;155mB[38;2;237;196;167mA[38;2;238;195;164mA[38;2;242;199;167mA[38;2;238;192;159mA[38;2;242;193;159mA[38;2;233;187;156mE[38;2;211;172;145mM[38;2;227;205;189mA[38;2;224;207;194mA[38;2;231;214;202mG[38;2;216;197;183mE[38;2;209;192;178mE[38;2;148;137;128my[38;2;184;181;170mM[38;2;191;192;179mB[38;2;152;166;169mX[38;2;109;139;155mv[38;2;67;108;138ma[38;2;64;107;136ma[38;2;116;144;158my[38;2;182;185;173mB[38;2;233;220;193mG[38;2;186;178;161mM[38;2;126;129;125mv[38;2;61;81;95mt[38;2;6;46;80m-[38;2;2;58;104m![38;2;11;70;114mc[38;2;43;86;118mt[38;2;109;133;145mv[38;2;170;173;164mX[38;2;167;170;162mX[38;2;160;166;161mX[38;2;179;179;168mM[38;2;28;77;115mj[38;2;15;62;101m![38;2;3;40;74m:[38;2;97;118;138mu[38;2;163;171;179mX[38;2;226;227;230m8[38;2;216;215;216mG[38;2;151;151;151mz[38;2;87;87;87mk[38;2;13;13;13m.[38;2;0;0;0m           [0m
[0m[38;2;0;0;0m             [38;2;41;41;41m-[38;2;163;163;163mX[38;2;242;242;242mW[38;2;177;183;190mB[38;2;82;107;130ma[38;2;9;60;104m![38;2;2;69;125mc[38;2;2;73;131mc[38;2;2;74;132mc[38;2;2;75;132mc[38;2;2;58;103m![38;2;1;40;77m:[38;2;1;69;124mc[38;2;2;70;123mc[38;2;1;63;111m![38;2;1;46;84m-[38;2;1;38;74m:[38;2;10;34;58m:[38;2;198;188;167mB[38;2;252;234;202m%[38;2;242;228;199m8[38;2;165;176;173mM[38;2;79;118;145mo[38;2;48;97;133mk[38;2;120;145;158my[38;2;193;195;183mE[38;2;247;230;200m%[38;2;251;232;201m%[38;2;251;233;201m%[38;2;252;234;202m%[38;2;212;204;189mA[38;2;161;150;141mI[38;2;223;204;188mA[38;2;231;216;204mG[38;2;230;216;204mG[38;2;210;184;166mB[38;2;212;155;118mX[38;2;248;188;147mA[38;2;252;203;170mG[38;2;252;207;177mG[38;2;252;207;176mG[38;2;252;205;174mG[38;2;252;203;170mG[38;2;251;190;150mA[38;2;241;176;132mB[38;2;213;163;129mM[38;2;215;188;169mE[38;2;217;199;187mA[38;2;212;192;178mE[38;2;220;201;187mA[38;2;202;183;168mB[38;2;139;133;126my[38;2;252;234;204m%[38;2;251;233;201m%[38;2;251;233;201m%[38;2;252;233;202m%[38;2;238;226;200m8[38;2;175;182;177mM[38;2;101;133;153mv[38;2;45;93;130mt[38;2;103;135;153mv[38;2;190;193;181mB[38;2;250;232;200m%[38;2;231;217;189mG[38;2;163;159;145mI[38;2;49;67;84mc[38;2;1;38;70m:[38;2;1;51;92m-[38;2;8;68;116mc[38;2;65;107;135ma[38;2;138;152;156mz[38;2;12;72;120mc[38;2;1;59;109m![38;2;1;39;75m:[38;2;1;69;127mc[38;2;2;72;129mc[38;2;2;69;123mc[38;2;4;57;100m![38;2;49;85;116mt[38;2;117;133;149mv[38;2;183;189;195mB[38;2;238;238;239m%[38;2;191;190;191mB[38;2;35;35;35m:[38;2;0;0;0m         [0m
[0m[38;2;0;0;0m            [38;2;3;3;3m [38;2;249;248;249mW[38;2;215;218;222mG[38;2;64;82;99mt[38;2;12;53;90m![38;2;2;56;103m![38;2;2;59;107m![38;2;2;64;116m![38;2;2;67;121mc[38;2;2;74;131mc[38;2;2;75;131mc[38;2;2;75;131mc[38;2;2;61;110m![38;2;1;41;76m:[38;2;1;32;61m:[38;2;1;29;56m'[38;2;1;41;77m:[38;2;1;32;61m:[38;2;6;30;54m:[38;2;120;126;126mv[38;2;129;150;158mz[38;2;35;85;124mt[38;2;94;126;147mu[38;2;191;192;180mB[38;2;250;233;202m%[38;2;252;234;202m%[38;2;252;234;202m%[38;2;251;233;202m%[38;2;252;233;201m%[38;2;252;234;201m%[38;2;252;233;202m%[38;2;133;130;125mv[38;2;223;206;192mA[38;2;232;218;206mG[38;2;237;222;209m8[38;2;219;201;187mA[38;2;225;192;170mE[38;2;236;171;127mB[38;2;249;196;158mA[38;2;248;205;174mG[38;2;252;208;180mG[38;2;252;206;178mG[38;2;252;210;183mG[38;2;251;205;174mG[38;2;244;189;151mA[38;2;246;187;146mE[38;2;231;167;122mM[38;2;216;165;131mM[38;2;214;194;178mE[38;2;202;183;169mB[38;2;217;199;187mA[38;2;205;186;171mB[38;2;127;115;106mu[38;2;237;225;205m8[38;2;252;233;201m%[38;2;252;233;201m%[38;2;252;234;202m%[38;2;252;234;202m%[38;2;252;234;202m%[38;2;252;234;202m%[38;2;244;229;201m%[38;2;167;177;175mM[38;2;70;111;141ma[38;2;49;100;136mk[38;2;150;166;168mI[38;2;217;208;187mA[38;2;18;37;56m:[38;2;1;40;76m:[38;2;1;38;72m:[38;2;1;30;59m:[38;2;1;41;77m:[38;2;1;59;106m![38;2;1;60;108m![38;2;1;40;77m:[38;2;2;71;130mc[38;2;2;74;131mc[38;2;2;73;130mc[38;2;2;70;125mc[38;2;1;61;111m![38;2;2;53;98m-[38;2;28;67;102mc[38;2;69;89;109mk[38;2;150;159;168mI[38;2;253;253;253m0[38;2;53;53;53mc[38;2;0;0;0m         [0m
[0m[38;2;0;0;0m            [38;2;5;5;5m [38;2;126;126;126m [38;2;191;191;191m [38;2;208;208;208m [38;2;220;220;220m [38;2;1;1;2m [38;2;183;186;190mB[38;2;191;194;198mE[38;2;69;84;102mt[38;2;1;64;117m![38;2;2;74;131mc[38;2;3;74;131mc[38;2;2;75;131mc[38;2;2;71;125mc[38;2;1;55;100m![38;2;20;59;92m![38;2;93;108;116mo[38;2;141;147;144mz[38;2;92;123;143mu[38;2;31;85;127mt[38;2;119;144;156my[38;2;225;216;193mG[38;2;236;221;191m8[38;2;176;167;145mX[38;2;251;233;201m%[38;2;252;233;200m%[38;2;252;234;201m%[38;2;252;233;200m%[38;2;204;194;170mE[38;2;203;192;167mE[38;2;252;234;202m%[38;2;198;189;174mB[38;2;167;154;142mI[38;2;226;210;196mG[38;2;220;203;189mA[38;2;207;189;176mE[38;2;205;156;123mX[38;2;223;171;138mB[38;2;185;129;97my[38;2;159;113;89mv[38;2;221;156;124mX[38;2;235;183;152mE[38;2;232;180;148mE[38;2;210;140;101mI[38;2;168;117;90mv[38;2;179;121;88my[38;2;208;141;103mI[38;2;206;145;106mI[38;2;178;154;136mI[38;2;192;170;154mM[38;2;210;192;179mE[38;2;200;181;165mB[38;2;116;110;104mo[38;2;251;234;206m%[38;2;219;205;178mA[38;2;210;196;171mE[38;2;211;197;172mE[38;2;211;198;172mE[38;2;211;198;172mE[38;2;211;198;171mE[38;2;211;197;171mE[38;2;211;197;172mE[38;2;211;199;174mE[38;2;197;196;182mE[38;2;98;133;156mv[38;2;35;85;124mt[38;2;93;120;137mu[38;2;126;133;132mv[38;2;64;82;98mt[38;2;6;44;78m-[38;2;1;51;93m-[38;2;1;53;96m-[38;2;2;54;97m-[38;2;2;71;128mc[38;2;2;73;130mc[38;2;2;68;120mc[38;2;52;76;100mj[38;2;151;159;168mI[38;2;190;196;202mE[38;2;146;147;148mz[38;2;222;222;222m [38;2;185;185;185m [38;2;147;147;147m [38;2;103;103;103m [38;2;18;18;18m [38;2;0;0;0m         [0m
[0m[38;2;0;0;0m                 [38;2;2;2;2m [38;2;161;160;161mI[38;2;252;252;252m0[38;2;41;60;82mc[38;2;1;72;131mc[38;2;1;73;129mc[38;2;2;69;123mc[38;2;1;49;89m-[38;2;21;46;71m-[38;2;158;154;143mI[38;2;235;221;193m8[38;2;131;152;161mz[38;2;23;80;124mj[38;2;117;143;157my[38;2;233;222;196m8[38;2;251;233;201m%[38;2;252;234;202m%[38;2;157;150;131mz[38;2;195;186;165mB[38;2;232;217;188mG[38;2;211;197;169mE[38;2;214;201;176mA[38;2;212;200;176mE[38;2;238;221;190m8[38;2;112;110;97mo[38;2;241;225;195m8[38;2;243;229;204m8[38;2;148;139;129my[38;2;160;143;128mz[38;2;196;174;157mM[38;2;186;159;141mX[38;2;195;130;86mz[38;2;221;156;121mX[38;2;231;173;145mB[38;2;238;175;147mB[38;2;227;169;144mB[38;2;233;177;150mB[38;2;231;171;144mB[38;2;217;153;123mX[38;2;238;177;148mE[38;2;239;179;148mE[38;2;227;156;117mM[38;2;199;118;69my[38;2;154;116;89mv[38;2;169;141;121mz[38;2;171;150;135mI[38;2;153;138;124my[38;2;174;167;155mX[38;2;196;183;159mB[38;2;120;113;104mu[38;2;82;78;70mt[38;2;78;74;67mt[38;2;79;76;67mt[38;2;80;78;69mt[38;2;81;79;69mt[38;2;81;77;68mt[38;2;81;79;70mt[38;2;90;87;79mk[38;2;153;145;130mz[38;2;251;233;201m%[38;2;213;207;190mA[38;2;84;123;150mu[38;2;35;87;129mt[38;2;173;180;175mM[38;2;227;212;185mG[38;2;101;109;112mo[38;2;3;40;74m:[38;2;2;56;102m![38;2;2;72;128mc[38;2;2;76;134mc[38;2;2;69;121mc[38;2;75;90;107mk[38;2;253;253;253m0[38;2;122;121;122mu[38;2;22;22;22m [38;2;0;0;0m              [0m
[0m[38;2;0;0;0m                 [38;2;8;8;8m [38;2;245;245;245mW[38;2;223;225;227m8[38;2;3;38;71m:[38;2;1;57;104m![38;2;30;67;99mc[38;2;18;40;64m-[38;2;86;94;99mk[38;2;224;210;183mG[38;2;182;187;180mB[38;2;40;92;131mt[38;2;80;118;145mo[38;2;216;211;192mA[38;2;253;235;203m%[38;2;252;234;201m%[38;2;252;234;202m%[38;2;252;234;201m%[38;2;207;195;171mE[38;2;151;146;129mz[38;2;249;232;200m%[38;2;246;228;196m8[38;2;246;230;200m%[38;2;246;229;198m8[38;2;206;196;172mE[38;2;141;136;120my[38;2;252;234;203m%[38;2;251;233;201m%[38;2;251;232;201m%[38;2;154;148;140mz[38;2;150;132;119my[38;2;170;110;73mv[38;2;192;121;77my[38;2;244;166;124mB[38;2;251;182;153mE[38;2;222;150;121mX[38;2;225;160;127mM[38;2;228;166;137mM[38;2;213;141;112mI[38;2;196;127;93mz[38;2;217;142;107mI[38;2;238;167;137mB[38;2;242;153;117mM[38;2;192;106;59mv[38;2;172;96;54mu[38;2;151;107;79mu[38;2;115;104;94mo[38;2;205;195;179mE[38;2;252;233;200m%[38;2;184;173;152mM[38;2;112;106;98mo[38;2;56;62;41mc[38;2;74;103;44mk[38;2;64;81;45mj[38;2;51;51;43m![38;2;54;53;45m![38;2;54;54;45m![38;2;54;54;45m![38;2;63;62;54mc[38;2;152;144;129mz[38;2;251;233;201m%[38;2;252;233;202m%[38;2;252;234;202m%[38;2;181;186;180mB[38;2;37;89;131mt[38;2;86;123;147mu[38;2;227;218;195mG[38;2;183;176;160mM[38;2;40;59;76mc[38;2;65;84;105mt[38;2;20;59;94m![38;2;1;63;113m![38;2;31;56;81m![38;2;252;252;252m0[38;2;173;173;173mX[38;2;0;0;0m               [0m
[0m[38;2;0;0;0m                 [38;2;43;43;43m [38;2;246;245;246mW[38;2;197;200;205mE[38;2;64;83;102mt[38;2;142;150;159mz[38;2;75;90;106mk[38;2;151;151;143mz[38;2;245;231;202m%[38;2;113;141;157my[38;2;25;81;127mj[38;2;165;177;176mM[38;2;252;235;204m%[38;2;252;235;202m%[38;2;227;217;197mG[38;2;140;160;90mz[38;2;161;177;109mX[38;2;209;201;171mE[38;2;252;232;198m%[38;2;204;195;174mE[38;2;191;191;154mB[38;2;181;185;136mM[38;2;222;210;187mG[38;2;252;233;200m%[38;2;233;216;185mG[38;2;249;230;198m%[38;2;251;233;201m%[38;2;251;232;201m%[38;2;251;233;201m%[38;2;251;233;201m%[38;2;199;187;168mB[38;2;138;110;93mu[38;2;195;129;89mz[38;2;222;148;100mX[38;2;224;144;99mX[38;2;201;120;80my[38;2;194;134;107mz[38;2;218;172;150mB[38;2;219;163;139mM[38;2;195;131;101mz[38;2;160;97;68mo[38;2;190;116;76my[38;2;230;154;111mM[38;2;166;96;54mo[38;2;165;107;75mu[38;2;128;116;106mu[38;2;238;224;200m8[38;2;252;234;202m%[38;2;252;235;204m%[38;2;183;172;150mM[38;2;114;107;98mo[38;2;60;67;45mc[38;2;55;60;42mc[38;2;55;57;45mc[38;2;67;85;45mt[38;2;60;75;43mj[38;2;52;51;44m![38;2;54;54;45m![38;2;64;63;55mc[38;2;153;145;130mz[38;2;252;233;200m%[38;2;252;233;201m%[38;2;252;233;202m%[38;2;252;234;203m%[38;2;237;225;198m8[38;2;95;128;151mu[38;2;28;82;126mj[38;2;188;191;181mB[38;2;228;213;185mG[38;2;73;84;95mt[38;2;152;159;170mI[38;2;136;147;160mz[38;2;50;66;83mc[38;2;244;244;245mW[38;2;188;187;188mB[38;2;0;0;0m               [0m
[0m[38;2;0;0;0m                  [38;2;100;100;100ma[38;2;253;253;253m0[38;2;220;223;228m8[38;2;69;90;110mk[38;2;195;188;169mB[38;2;219;211;191mG[38;2;54;98;133mk[38;2;57;100;134mk[38;2;221;213;191mG[38;2;252;235;203m%[38;2;251;235;206m%[38;2;222;209;185mA[38;2;206;194;173mE[38;2;102;119;80mo[38;2;81;126;28ma[38;2;48;80;22mj[38;2;159;163;145mI[38;2;75;129;12ma[38;2;78;143;1mo[38;2;94;125;49mo[38;2;241;226;200m8[38;2;251;233;200m%[38;2;252;233;201m%[38;2;251;233;201m%[38;2;251;233;202m%[38;2;251;233;201m%[38;2;252;234;202m%[38;2;251;233;202m%[38;2;251;233;201m%[38;2;238;222;195m8[38;2;191;179;161mM[38;2;148;117;93mv[38;2;241;171;125mB[38;2;245;182;144mE[38;2;245;174;141mE[38;2;233;168;145mB[38;2;223;151;130mX[38;2;217;138;112mI[38;2;220;145;108mX[38;2;239;172;129mB[38;2;198;128;87mz[38;2;121;108;97mo[38;2;221;208;186mA[38;2;252;235;204m%[38;2;252;234;201m%[38;2;251;233;201m%[38;2;252;233;201m%[38;2;206;191;165mE[38;2;113;105;96mo[38;2;74;70;62mj[38;2;72;70;62mj[38;2;72;70;61mj[38;2;73;70;62mj[38;2;73;70;62mj[38;2;73;70;61mj[38;2;75;72;63mj[38;2;86;82;73mt[38;2;164;154;138mI[38;2;243;227;200m8[38;2;215;203;181mA[38;2;252;233;199m%[38;2;188;181;168mB[38;2;183;174;160mM[38;2;238;220;190m8[38;2;148;163;167mI[38;2;13;72;122mc[38;2;149;165;166mI[38;2;245;228;197m8[38;2;99;109;116mo[38;2;153;163;174mI[38;2;253;253;252m0[38;2;236;236;236m%[38;2;82;82;82m [38;2;0;0;0m               [0m
[0m[38;2;0;0;0m                 [38;2;27;27;27m:[38;2;238;237;237m%[38;2;218;223;228m8[38;2;56;84;110mt[38;2;210;201;180mA[38;2;209;205;187mA[38;2;30;82;123mj[38;2;84;120;144mo[38;2;242;228;200m8[38;2;250;233;203m%[38;2;175;156;135mI[38;2;172;125;81my[38;2;140;79;26mk[38;2;126;70;23mt[38;2;122;65;14mt[38;2;112;65;25mt[38;2;78;76;38mj[38;2;77;97;65mk[38;2;173;174;137mX[38;2;187;183;152mM[38;2;243;226;197m8[38;2;251;232;200m%[38;2;251;233;202m%[38;2;251;233;202m%[38;2;251;233;201m%[38;2;251;233;201m%[38;2;251;233;201m%[38;2;252;233;201m%[38;2;252;234;201m%[38;2;252;235;204m%[38;2;225;212;189mG[38;2;173;170;159mX[38;2;91;105;113ma[38;2;75;60;50mc[38;2;214;141;92mI[38;2;227;165;128mM[38;2;242;175;146mE[38;2;244;177;150mE[38;2;226;154;121mM[38;2;203;132;93mz[38;2;187;113;68mv[38;2;120;64;30mt[38;2;54;59;61mc[38;2;50;75;93mj[38;2;130;133;130mv[38;2;184;177;161mM[38;2;233;220;195mG[38;2;252;236;206m%[38;2;252;233;201m%[38;2;243;226;194m8[38;2;230;215;185mG[38;2;230;215;184mG[38;2;230;215;186mG[38;2;230;214;185mG[38;2;227;213;185mG[38;2;227;214;186mG[38;2;230;214;183mG[38;2;234;219;189mG[38;2;249;232;203m%[38;2;120;118;116mu[38;2;108;107;107mo[38;2;203;192;172mE[38;2;140;136;127my[38;2;135;134;135my[38;2;109;107;106mo[38;2;240;226;203m8[38;2;182;186;178mB[38;2;14;71;120mc[38;2;131;153;162mz[38;2;249;232;200m%[38;2;95;107;115mo[38;2;155;167;179mX[38;2;253;253;253m0[38;2;118;118;118mu[38;2;0;0;0m               [0m
[0m[38;2;0;0;0m                [38;2;13;13;13m.[38;2;229;228;229m8[38;2;234;237;240m%[38;2;63;94;120mk[38;2;210;203;184mA[38;2;209;205;188mA[38;2;23;80;125mj[38;2;92;127;149mu[38;2;247;231;201m%[38;2;252;233;201m%[38;2;166;157;145mI[38;2;174;103;42mu[38;2;112;55;13mj[38;2;127;113;98mu[38;2;206;192;168mE[38;2;191;179;157mM[38;2;89;67;50mj[38;2;113;68;6mt[38;2;62;41;27m![38;2;230;218;196mG[38;2;252;233;199m%[38;2;252;233;200m%[38;2;251;233;201m%[38;2;251;233;201m%[38;2;251;232;201m%[38;2;251;233;201m%[38;2;252;233;201m%[38;2;252;234;202m%[38;2;203;193;174mE[38;2;144;153;159mz[38;2;84;119;150mo[38;2;38;100;151mk[38;2;17;78;127mj[38;2;44;72;91mj[38;2;148;90;52ma[38;2;216;149;107mX[38;2;222;148;104mX[38;2;188;102;54mu[38;2;191;116;71my[38;2;187;109;64mv[38;2;196;120;78my[38;2;190;112;67mv[38;2;159;98;60mo[38;2;102;90;75mk[38;2;1;65;121m![38;2;3;59;106m![38;2;7;79;138mj[38;2;12;73;120mc[38;2;58;103;138ma[38;2;118;134;145mv[38;2;185;178;163mM[38;2;251;235;205m%[38;2;253;235;203m%[38;2;230;218;194mG[38;2;158;151;137mz[38;2;133;129;118mv[38;2;138;133;120my[38;2;160;151;132mz[38;2;240;223;191m8[38;2;235;222;200m8[38;2;93;93;93mk[38;2;116;115;116mu[38;2;105;105;104mo[38;2;114;113;111mu[38;2;137;136;135my[38;2;84;82;78mt[38;2;237;222;198m8[38;2;252;233;200m%[38;2;181;185;178mB[38;2;9;68;119mc[38;2;141;160;165mI[38;2;245;228;198m8[38;2;77;94;109mk[38;2;179;189;199mB[38;2;253;253;253m0[38;2;62;62;62mc[38;2;0;0;0m              [0m
[0m[38;2;0;0;0m               [38;2;6;6;6m [38;2;199;199;199mE[38;2;251;252;252m0[38;2;80;112;141mo[38;2;185;186;174mB[38;2;230;219;196mG[38;2;35;88;130mt[38;2;74;114;142mo[38;2;246;230;201m%[38;2;252;233;201m%[38;2;252;233;201m%[38;2;181;171;158mM[38;2;107;54;10mj[38;2;91;41;2m![38;2;182;175;162mM[38;2;252;234;200m%[38;2;252;234;201m%[38;2;143;136;125my[38;2;125;72;6mt[38;2;62;42;2m-[38;2;220;209;190mA[38;2;252;233;199m%[38;2;252;233;200m%[38;2;252;233;200m%[38;2;251;233;200m%[38;2;251;233;201m%[38;2;251;233;201m%[38;2;251;235;206m%[38;2;133;136;137my[38;2;48;106;158ma[38;2;32;109;175ma[38;2;26;104;169mk[38;2;17;83;137mj[38;2;12;79;131mj[38;2;178;155;123mI[38;2;189;143;111mI[38;2;244;182;146mE[38;2;243;184;151mE[38;2;219;141;100mI[38;2;231;160;120mM[38;2;232;163;122mM[38;2;208;137;94mI[38;2;196;146;111mI[38;2;211;174;137mM[38;2;61;83;98mt[38;2;4;69;120mc[38;2;10;83;144mj[38;2;19;97;161mt[38;2;15;92;157mt[38;2;11;85;148mj[38;2;16;93;158mt[38;2;30;92;147mt[38;2;101;113;122mo[38;2;245;230;203m%[38;2;147;140;122my[38;2;126;120;111mu[38;2;211;198;173mE[38;2;192;181;159mB[38;2;122;117;108mu[38;2;176;167;146mX[38;2;250;234;205m%[38;2;125;120;111mu[38;2;118;116;116mu[38;2;109;107;105mo[38;2;98;96;94ma[38;2;95;93;93ma[38;2;217;205;184mA[38;2;251;232;199m%[38;2;251;233;200m%[38;2;252;233;201m%[38;2;163;172;170mX[38;2;6;66;118m![38;2;183;188;179mB[38;2;236;221;193m8[38;2;58;83;106mt[38;2;221;226;230m8[38;2;241;241;241mW[38;2;12;12;12m.[38;2;0;0;0m             [0m
[0m[38;2;0;0;0m               [38;2;97;97;97ma[38;2;253;253;253m0[38;2;150;171;190mX[38;2;111;135;148mv[38;2;250;233;203m%[38;2;72;112;141mo[38;2;34;88;129mt[38;2;236;224;198m8[38;2;252;234;202m%[38;2;252;234;203m%[38;2;252;235;204m%[38;2;252;233;201m%[38;2;231;216;192mG[38;2;217;203;180mA[38;2;252;234;203m%[38;2;252;233;201m%[38;2;252;233;201m%[38;2;142;136;127my[38;2;127;86;2mk[38;2;64;47;3m![38;2;238;225;204m8[38;2;252;233;200m%[38;2;251;233;200m%[38;2;252;234;201m%[38;2;251;233;201m%[38;2;252;234;201m%[38;2;252;234;202m%[38;2;171;166;157mX[38;2;55;107;155ma[38;2;22;103;171mk[38;2;25;103;168mk[38;2;29;105;167mk[38;2;12;82;137mj[38;2;64;86;98mt[38;2;242;221;187m8[38;2;238;217;185mG[38;2;222;193;165mE[38;2;227;187;156mE[38;2;227;187;156mE[38;2;226;188;158mE[38;2;221;185;152mE[38;2;219;194;163mE[38;2;238;213;174mG[38;2;177;159;132mI[38;2;20;86;141mj[38;2;9;75;129mc[38;2;19;96;161mt[38;2;20;98;163mt[38;2;11;85;148mj[38;2;20;98;165mt[38;2;24;99;164mk[38;2;21;97;161mt[38;2;14;82;138mj[38;2;108;117;122mu[38;2;231;217;192mG[38;2;179;167;147mX[38;2;151;145;132mz[38;2;157;150;135mz[38;2;146;138;122my[38;2;181;172;153mM[38;2;205;193;170mE[38;2;252;232;198m%[38;2;193;184;169mB[38;2;93;92;93mk[38;2;107;106;107mo[38;2;118;117;116mu[38;2;236;221;194m8[38;2;251;233;201m%[38;2;252;233;200m%[38;2;252;233;200m%[38;2;252;234;201m%[38;2;97;128;148mu[38;2;31;84;124mj[38;2;237;224;197m8[38;2;186;182;168mB[38;2;69;96;122mk[38;2;252;252;252m0[38;2;157;157;157mI[38;2;0;0;0m             [0m
[0m[38;2;0;0;0m              [38;2;9;9;9m.[38;2;245;245;245mW[38;2;230;234;239m%[38;2;40;86;124mt[38;2;235;222;196m8[38;2;165;176;174mM[38;2;2;65;117m![38;2;175;182;176mM[38;2;252;233;201m%[38;2;196;209;160mE[38;2;202;212;165mA[38;2;189;203;155mE[38;2;188;204;152mE[38;2;184;201;147mB[38;2;201;210;164mA[38;2;203;210;165mA[38;2;252;234;203m%[38;2;196;184;166mB[38;2;124;113;105mu[38;2;114;80;1mt[38;2;60;50;13m![38;2;199;188;172mB[38;2;229;214;188mG[38;2;252;233;200m%[38;2;252;233;200m%[38;2;252;233;201m%[38;2;252;234;201m%[38;2;218;206;186mA[38;2;63;95;127mk[38;2;26;105;171mk[38;2;10;84;144mj[38;2;24;102;166mk[38;2;22;89;145mt[38;2;14;88;147mj[38;2;161;149;128mz[38;2;252;239;211m%[38;2;252;239;211m%[38;2;242;223;189m8[38;2;241;221;188m8[38;2;239;216;179mG[38;2;241;222;190m8[38;2;245;227;196m8[38;2;248;233;203m%[38;2;248;231;198m%[38;2;56;91;116mk[38;2;14;84;142mj[38;2;14;89;151mt[38;2;21;99;164mt[38;2;16;89;149mt[38;2;14;84;144mj[38;2;27;101;165mk[38;2;29;104;168mk[38;2;28;103;166mk[38;2;11;87;149mj[38;2;9;69;116mc[38;2;160;157;149mI[38;2;252;233;201m%[38;2;251;233;202m%[38;2;251;233;200m%[38;2;180;171;153mM[38;2;152;145;131mz[38;2;131;127;115mv[38;2;198;189;172mB[38;2;190;173;156mM[38;2;143;122;110mv[38;2;103;91;84ma[38;2;147;119;106mv[38;2;205;154;125mX[38;2;151;134;121my[38;2;252;232;199m%[38;2;252;232;198m%[38;2;251;233;200m%[38;2;231;219;195mG[38;2;19;73;119mc[38;2;109;138;153mv[38;2;252;234;202m%[38;2;84;105;122ma[38;2;175;189;201mB[38;2;253;253;253m0[38;2;24;24;24m'[38;2;0;0;0m            [0m
[0m[38;2;0;0;0m              [38;2;100;100;100ma[38;2;253;253;253m0[38;2;127;156;180mz[38;2;138;155;161mz[38;2;250;233;202m%[38;2;43;93;132mt[38;2;57;102;135mk[38;2;251;232;200m%[38;2;252;234;201m%[38;2;199;213;167mA[38;2;214;217;172mG[38;2;210;214;166mA[38;2;180;200;144mB[38;2;205;215;166mA[38;2;219;222;179mG[38;2;208;211;162mA[38;2;216;206;187mA[38;2;155;120;100mv[38;2;214;155;122mX[38;2;151;107;80mu[38;2;227;183;155mE[38;2;212;144;103mI[38;2;163;125;105my[38;2;230;218;196mG[38;2;252;233;200m%[38;2;252;233;200m%[38;2;233;219;195mG[38;2;73;96;119mk[38;2;30;106;169mk[38;2;14;90;152mt[38;2;24;83;132mj[38;2;23;106;173mk[38;2;13;79;131mj[38;2;25;72;108mc[38;2;238;222;194m8[38;2;252;241;216mW[38;2;252;241;216mW[38;2;247;233;206m%[38;2;245;231;205m%[38;2;244;227;198m8[38;2;252;241;214mW[38;2;252;242;217mW[38;2;253;240;213mW[38;2;163;154;137mI[38;2;18;91;152mt[38;2;12;80;137mj[38;2;22;99;165mk[38;2;21;99;164mt[38;2;6;76;136mc[38;2;4;61;109m![38;2;25;101;165mk[38;2;30;105;169mk[38;2;30;106;169mk[38;2;27;102;165mk[38;2;7;76;131mc[38;2;21;64;97mc[38;2;168;165;154mX[38;2;247;229;198m%[38;2;252;234;203m%[38;2;251;235;206m%[38;2;192;184;166mB[38;2;155;155;147mI[38;2;173;148;133mI[38;2;228;154;111mX[38;2;153;111;86mu[38;2;192;130;91mz[38;2;172;119;85mv[38;2;205;142;102mI[38;2;130;87;60ma[38;2;248;234;210m%[38;2;251;232;198m%[38;2;252;233;200m%[38;2;252;234;202m%[38;2;119;143;158my[38;2;8;69;119mc[38;2;225;216;193mG[38;2;210;202;183mA[38;2;65;101;133ma[38;2;253;253;253m0[38;2;146;145;146mz[38;2;0;0;0m            [0m
[0m[38;2;0;0;0m             [38;2;3;3;3m [38;2;232;231;232m%[38;2;250;251;251m0[38;2;43;91;130mt[38;2;235;224;199m8[38;2;195;195;183mE[38;2;2;63;115m![38;2;168;178;175mM[38;2;252;234;201m%[38;2;252;234;201m%[38;2;200;208;160mE[38;2;215;214;169mA[38;2;202;208;159mE[38;2;192;205;155mE[38;2;194;205;150mE[38;2;211;212;164mA[38;2;215;217;177mG[38;2;178;171;157mX[38;2;183;131;101mz[38;2;223;167;134mM[38;2;173;104;63mu[38;2;92;53;25mc[38;2;208;134;88mz[38;2;229;163;127mM[38;2;75;84;91mt[38;2;153;157;153mI[38;2;207;193;169mE[38;2;95;112;126mo[38;2;36;100;155mk[38;2;16;92;154mt[38;2;5;63;112m![38;2;34;97;154mk[38;2;23;101;166mk[38;2;13;87;146mj[38;2;74;97;109mk[38;2;251;238;209m%[38;2;252;240;214mW[38;2;252;242;218mW[38;2;246;231;205m%[38;2;243;221;185m8[38;2;248;234;205m%[38;2;252;242;216mW[38;2;252;241;215mW[38;2;246;229;200m%[38;2;43;80;110mj[38;2;12;79;135mj[38;2;22;100;165mk[38;2;27;104;168mk[38;2;25;100;163mk[38;2;5;78;137mc[38;2;1;38;71m:[38;2;4;74;131mc[38;2;21;100;165mk[38;2;24;102;166mk[38;2;13;89;150mj[38;2;12;71;120mc[38;2;16;74;121mc[38;2;26;70;107mc[38;2;70;103;132ma[38;2;79;120;154mo[38;2;44;78;106mj[38;2;30;96;152mt[38;2;119;88;72ma[38;2;242;185;154mE[38;2;218;139;94mI[38;2;47;33;23m-[38;2;175;109;62mv[38;2;193;126;82my[38;2;183;123;88my[38;2;144;96;66mo[38;2;240;226;203m8[38;2;251;232;198m%[38;2;252;233;200m%[38;2;252;233;200m%[38;2;212;205;186mA[38;2;2;64;115m![38;2;144;161;165mI[38;2;251;233;201m%[38;2;57;89;116mt[38;2;225;230;234m8[38;2;249;248;248mW[38;2;2;2;2m [38;2;0;0;0m           [0m
[0m[38;2;0;0;0m             [38;2;13;13;13m.[38;2;253;253;253m0[38;2;205;215;225mG[38;2;71;108;133ma[38;2;252;234;203m%[38;2;127;148;158mz[38;2;9;68;117mc[38;2;241;228;202m8[38;2;252;234;202m%[38;2;252;234;202m%[38;2;206;211;165mA[38;2;212;217;173mA[38;2;211;217;175mA[38;2;198;206;157mE[38;2;199;209;157mE[38;2;215;217;176mG[38;2;212;214;171mA[38;2;234;221;199m8[38;2;132;100;82mo[38;2;160;103;69mu[38;2;144;90;44ma[38;2;82;41;13m![38;2;204;130;84mz[38;2;223;143;94mI[38;2;45;64;84mc[38;2;7;62;108m![38;2;32;91;138mt[38;2;32;84;129mj[38;2;21;79;124mj[38;2;12;81;136mj[38;2;2;40;72m:[38;2;16;94;159mt[38;2;24;103;168mk[38;2;13;78;130mj[38;2;103;110;108mo[38;2;250;235;206m%[38;2;252;238;210m%[38;2;249;232;203m%[38;2;241;220;186m8[38;2;244;229;203m%[38;2;251;235;206m%[38;2;251;236;207m%[38;2;250;233;205m%[38;2;173;156;130mI[38;2;12;82;139mj[38;2;13;80;135mj[38;2;25;101;166mk[38;2;26;103;167mk[38;2;23;100;163mk[38;2;3;72;128mc[38;2;2;46;79m-[38;2;3;35;60m:[38;2;5;71;127mc[38;2;19;96;160mt[38;2;12;84;141mj[38;2;11;80;137mj[38;2;12;79;134mj[38;2;20;97;162mt[38;2;22;101;165mk[38;2;19;99;163mt[38;2;6;56;99m![38;2;3;76;136mc[38;2;90;73;67mt[38;2;226;148;100mX[38;2;206;132;91mz[38;2;109;88;77mk[38;2;94;72;58mt[38;2;142;104;80mo[38;2;138;101;80mo[38;2;187;168;151mM[38;2;252;233;201m%[38;2;252;232;199m%[38;2;252;233;200m%[38;2;252;233;201m%[38;2;250;232;200m%[38;2;32;82;122mj[38;2;75;113;138mo[38;2;252;234;203m%[38;2;123;141;150my[38;2;163;180;196mM[38;2;253;253;253m0[38;2;23;23;23m'[38;2;0;0;0m           [0m
[0m[38;2;0;0;0m             [38;2;34;34;34m-[38;2;253;253;253m0[38;2;153;174;193mX[38;2;116;139;150my[38;2;252;234;203m%[38;2;86;120;144mo[38;2;44;92;129mt[38;2;251;233;203m%[38;2;252;234;201m%[38;2;252;234;202m%[38;2;183;205;151mE[38;2;203;210;160mA[38;2;192;204;154mE[38;2;164;195;136mM[38;2;185;205;152mE[38;2;201;210;160mA[38;2;198;210;160mE[38;2;252;234;202m%[38;2;251;234;206m%[38;2;100;86;67mk[38;2;120;96;1mk[38;2;37;24;16m:[38;2;46;39;39m-[38;2;38;51;67m![38;2;1;60;111m![38;2;3;54;96m-[38;2;11;90;154mt[38;2;16;94;158mt[38;2;6;79;133mc[38;2;5;73;127mc[38;2;1;59;106m![38;2;2;48;86m-[38;2;14;89;150mj[38;2;7;74;129mc[38;2;95;100;95ma[38;2;234;207;169mA[38;2;244;218;180m8[38;2;245;222;188m8[38;2;242;218;184m8[38;2;233;202;160mA[38;2;242;216;181mG[38;2;237;213;179mG[38;2;226;195;154mE[38;2;111;110;100mo[38;2;12;90;154mt[38;2;10;73;126mc[38;2;17;99;165mt[38;2;19;98;163mt[38;2;8;83;146mj[38;2;2;72;129mc[38;2;1;43;80m-[38;2;38;54;68m![38;2;73;94;112mk[38;2;3;62;111m![38;2;8;75;130mc[38;2;7;84;146mj[38;2;15;92;157mt[38;2;12;89;155mt[38;2;15;94;159mt[38;2;9;86;148mj[38;2;3;57;101m![38;2;1;50;93m-[38;2;1;42;81m:[38;2;20;32;45m:[38;2;54;62;70mc[38;2;96;96;97ma[38;2;104;102;103ma[38;2;114;114;115mu[38;2;97;93;91ma[38;2;213;202;184mA[38;2;252;232;199m%[38;2;252;232;199m%[38;2;252;233;201m%[38;2;251;233;202m%[38;2;251;233;202m%[38;2;79;116;142mo[38;2;36;89;129mt[38;2;251;235;205m%[38;2;162;170;168mX[38;2;121;150;176mz[38;2;253;253;253m0[38;2;46;46;46m![38;2;0;0;0m           [0m
[0m[38;2;0;0;0m             [38;2;40;40;40m-[38;2;253;253;253m0[38;2;135;162;186mI[38;2;131;151;158mz[38;2;251;233;201m%[38;2;70;109;139ma[38;2;58;103;136ma[38;2;251;233;203m%[38;2;252;234;202m%[38;2;252;234;202m%[38;2;252;233;200m%[38;2;252;234;201m%[38;2;252;234;202m%[38;2;247;232;204m%[38;2;239;225;199m8[38;2;246;231;203m%[38;2;252;235;206m%[38;2;252;234;202m%[38;2;251;234;203m%[38;2;90;74;55mt[38;2;125;95;1ma[38;2;86;82;74mt[38;2;181;173;156mM[38;2;57;74;90mj[38;2;2;44;81m-[38;2;1;57;106m![38;2;1;61;114m![38;2;3;67;121mc[38;2;1;64;118m![38;2;1;61;113m![38;2;10;47;77m-[38;2;17;43;63m-[38;2;1;62;113m![38;2;4;66;117m![38;2;93;96;90ma[38;2;188;170;145mM[38;2;214;199;175mE[38;2;244;219;182m8[38;2;236;209;172mG[38;2;238;217;187mG[38;2;239;213;177mG[38;2;238;210;172mG[38;2;228;199;163mA[38;2;94;93;86mk[38;2;9;85;148mj[38;2;6;71;126mc[38;2;14;90;153mt[38;2;13;91;155mt[38;2;7;80;141mj[38;2;1;59;112m![38;2;1;54;102m-[38;2;42;62;78mc[38;2;226;215;198mG[38;2;118;125;131mv[38;2;29;68;103mc[38;2;2;59;107m![38;2;1;65;120m![38;2;1;63;119m![38;2;1;59;112m![38;2;2;54;100m-[38;2;18;55;87m![38;2;80;99;112ma[38;2;158;154;142mI[38;2;230;216;192mG[38;2;251;230;196m%[38;2;131;130;128mv[38;2;103;101;101ma[38;2;132;129;127mv[38;2;121;118;117mu[38;2;168;161;150mI[38;2;252;233;200m%[38;2;252;233;200m%[38;2;252;233;201m%[38;2;252;234;203m%[38;2;252;234;203m%[38;2;96;127;147mu[38;2;22;77;119mj[38;2;251;235;206m%[38;2;179;183;175mM[38;2;104;137;166mv[38;2;253;253;253m0[38;2;56;56;56mc[38;2;0;0;0m           [0m
[0m[38;2;0;0;0m             [38;2;24;24;24m'[38;2;253;253;253m0[38;2;153;176;197mM[38;2;118;143;153my[38;2;252;235;203m%[38;2;84;118;143mo[38;2;43;93;130mt[38;2;251;234;203m%[38;2;252;234;202m%[38;2;252;234;202m%[38;2;227;214;191mG[38;2;174;167;158mX[38;2;177;174;169mM[38;2;158;154;148mI[38;2;140;134;128my[38;2;130;124;119mv[38;2;126;121;115mu[38;2;131;126;117mv[38;2;194;185;168mB[38;2;81;64;43mj[38;2;120;83;1mk[38;2;84;75;69mt[38;2;142;135;126my[38;2;192;182;167mB[38;2;186;177;161mM[38;2;98;112;121mo[38;2;54;74;93mj[38;2;131;139;145my[38;2;148;147;145mz[38;2;143;139;134my[38;2;134;129;123mv[38;2;87;88;89mk[38;2;39;63;84mc[38;2;3;63;114m![38;2;108;107;99mo[38;2;122;117;109mu[38;2;188;176;157mM[38;2;238;213;176mG[38;2;245;226;200m8[38;2;235;208;171mG[38;2;240;217;185mG[38;2;231;204;165mA[38;2;178;154;123mI[38;2;130;125;117mv[38;2;103;122;141mu[38;2;110;123;134mu[38;2;99;118;132mu[38;2;68;98;122mk[38;2;28;73;110mc[38;2;1;74;135mc[38;2;1;57;108m![38;2;12;40;65m:[38;2;147;145;142mz[38;2;117;111;106mo[38;2;243;228;203m8[38;2;189;181;166mB[38;2;149;151;145mz[38;2;143;145;139mz[38;2;153;153;148mI[38;2;147;142;133mz[38;2;193;185;174mB[38;2;195;186;170mB[38;2;196;186;170mB[38;2;201;189;169mB[38;2;227;213;189mG[38;2;199;186;166mB[38;2;122;121;120mu[38;2;113;111;109mo[38;2;130;127;123mv[38;2;201;191;174mE[38;2;207;196;175mE[38;2;237;222;197m8[38;2;252;233;200m%[38;2;252;234;201m%[38;2;251;233;202m%[38;2;76;113;140mo[38;2;42;93;132mt[38;2;251;234;204m%[38;2;164;172;169mX[38;2;116;147;173my[38;2;253;253;253m0[38;2;36;36;36m-[38;2;0;0;0m           [0m
[0m[38;2;0;0;0m             [38;2;2;2;2m [38;2;253;253;253m0[38;2;207;219;228mG[38;2;71;112;140mo[38;2;252;235;204m%[38;2;127;150;161mz[38;2;7;68;117mc[38;2;236;225;201m8[38;2;252;234;200m%[38;2;200;191;175mE[38;2;50;70;69mc[38;2;137;130;125mv[38;2;166;158;150mI[38;2;83;97;95mk[38;2;84;112;110mo[38;2;81;77;71mt[38;2;70;65;58mj[38;2;139;134;128my[38;2;150;142;132mz[38;2;111;95;84ma[38;2;100;49;3mc[38;2;108;100;95ma[38;2;116;116;113mu[38;2;249;230;198m%[38;2;191;181;164mB[38;2;65;90;88mt[38;2;151;144;138mz[38;2;166;159;150mI[38;2;91;100;97ma[38;2;86;102;98ma[38;2;92;87;80mk[38;2;71;66;58mj[38;2;141;136;131my[38;2;139;131;125my[38;2;123;116;105mu[38;2;124;120;111mu[38;2;226;215;195mG[38;2;240;220;189m8[38;2;240;220;188m8[38;2;251;233;203m%[38;2;219;201;174mA[38;2;100;109;103mo[38;2;157;151;144mI[38;2;180;171;160mM[38;2;122;120;114mu[38;2;91;107;101ma[38;2;104;98;91ma[38;2;107;102;94ma[38;2;114;111;106mo[38;2;110;112;112mo[38;2;40;72;102mj[38;2;2;43;80m-[38;2;137;137;136my[38;2;167;161;152mI[38;2;252;234;202m%[38;2;252;234;202m%[38;2;244;229;203m%[38;2;149;143;132mz[38;2;134;130;127mv[38;2;197;190;183mB[38;2;161;155;148mI[38;2;134;127;121mv[38;2;136;127;121mv[38;2;128;120;112mu[38;2;98;95;92ma[38;2;153;147;140mz[38;2;195;187;173mB[38;2;251;231;197m%[38;2;252;232;198m%[38;2;209;199;180mE[38;2;109;106;101mo[38;2;218;205;183mA[38;2;252;233;199m%[38;2;252;233;200m%[38;2;250;232;201m%[38;2;29;83;127mj[38;2;90;125;147mu[38;2;252;236;206m%[38;2;119;142;155my[38;2;163;183;201mM[38;2;253;253;253m0[38;2;6;6;6m.[38;2;0;0;0m           [0m
[0m[38;2;0;0;0m             [38;2;4;4;4m [38;2;169;169;170mX[38;2;251;251;252m0[38;2;44;96;137mk[38;2;237;225;199m8[38;2;199;196;181mE[38;2;32;84;128mj[38;2;152;153;148mI[38;2;151;141;125my[38;2;142;138;132my[38;2;143;139;134my[38;2;165;159;153mI[38;2;150;143;135mz[38;2;77;77;71mt[38;2;68;80;75mt[38;2;93;88;81mk[38;2;60;55;46mc[38;2;147;141;134my[38;2;151;142;131mz[38;2;147;138;128my[38;2;89;79;67mt[38;2;60;51;44m![38;2;99;95;91ma[38;2;165;155;140mI[38;2;136;133;129my[38;2;124;121;117mu[38;2;162;155;147mI[38;2;144;138;132my[38;2;51;57;53mc[38;2;63;73;70mj[38;2;85;81;75mt[38;2;66;61;53mc[38;2;153;146;139mz[38;2;152;141;131mz[38;2;136;128;119mv[38;2;76;75;71mt[38;2;213;200;178mA[38;2;241;218;186m8[38;2;227;212;188mG[38;2;201;187;165mB[38;2;138;133;127my[38;2;118;122;118mu[38;2;167;158;150mI[38;2;145;138;131my[38;2;46;53;50m![38;2;93;116;112mo[38;2;71;66;60mj[38;2;76;70;61mj[38;2;142;137;131my[38;2;153;143;133mz[38;2;146;137;128my[38;2;47;67;86mc[38;2;93;97;100ma[38;2;160;154;144mI[38;2;252;234;200m%[38;2;248;233;206m%[38;2;138;133;125my[38;2;82;99;98ma[38;2;155;148;141mz[38;2;156;149;142mz[38;2;51;64;62mc[38;2;65;104;100mk[38;2;65;61;55mc[38;2;101;94;85ma[38;2;121;116;112mu[38;2;152;143;132mz[38;2;139;130;121mv[38;2;148;143;136mz[38;2;248;231;202m%[38;2;249;234;206m%[38;2;91;91;91mk[38;2;251;235;208m%[38;2;252;233;200m%[38;2;252;234;202m%[38;2;207;203;187mA[38;2;2;66;118m![38;2;160;173;172mX[38;2;251;233;202m%[38;2;52;98;133mk[38;2;230;236;240m%[38;2;189;189;189mB[38;2;14;14;14m [38;2;0;0;0m           [0m
[0m[38;2;0;0;0m              [38;2;43;43;43m-[38;2;253;253;253m0[38;2;127;158;184mz[38;2;143;160;164mI[38;2;250;233;202m%[38;2;94;122;144mu[38;2;67;63;54mc[38;2;57;50;34m![38;2;152;144;135mz[38;2;166;158;149mI[38;2;159;151;140mI[38;2;150;144;134mz[38;2;128;122;113mv[38;2;97;92;85mk[38;2;78;71;60mj[38;2;80;78;73mt[38;2;147;139;131my[38;2;154;146;136mz[38;2;140;131;121my[38;2;84;76;65mt[38;2;63;52;44mc[38;2;62;55;45mc[38;2;60;50;32m![38;2;144;138;130my[38;2;164;156;147mI[38;2;173;165;155mX[38;2;157;148;138mz[38;2;140;133;124my[38;2;114;107;100mo[38;2;87;79;68mt[38;2;97;95;92ma[38;2;151;142;132mz[38;2;156;146;136mz[38;2;134;125;116mv[38;2;80;76;70mt[38;2;179;169;151mX[38;2;238;221;194m8[38;2;65;60;51mc[38;2;65;55;38mc[38;2;145;137;129my[38;2;166;159;154mI[38;2;175;164;154mX[38;2;176;166;156mX[38;2;143;134;124my[38;2;104;98;91ma[38;2;92;85;76mk[38;2;81;78;74mt[38;2;147;137;128my[38;2;156;147;137mz[38;2;143;134;124my[38;2;90;84;76mk[38;2;80;81;81mt[38;2;152;149;146mz[38;2;105;98;87ma[38;2;75;67;52mj[38;2;125;119;112mu[38;2;166;159;153mI[38;2;164;157;149mI[38;2;162;154;145mI[38;2;130;122;113mv[38;2;113;107;101mo[38;2;108;101;93ma[38;2;65;60;51mc[38;2;141;135;129my[38;2;151;141;131mz[38;2;150;140;130my[38;2;114;108;98mo[38;2;151;144;134mz[38;2;238;223;196m8[38;2;92;91;89mk[38;2;251;235;208m%[38;2;252;233;200m%[38;2;252;233;202m%[38;2;114;141;156my[38;2;16;74;119mc[38;2;235;223;198m8[38;2;190;190;179mB[38;2;83;124;157mu[38;2;253;253;253m0[38;2;48;48;48m![38;2;0;0;0m            [0m
[0m[38;2;0;0;0m              [38;2;33;33;33m [38;2;194;194;194mE[38;2;230;235;240m%[38;2;41;91;130mt[38;2;238;225;198m8[38;2;162;172;172mX[38;2;37;86;127mt[38;2;121;126;126mv[38;2;149;142;128mz[38;2;148;138;122my[38;2;148;141;129my[38;2;76;78;74mt[38;2;50;45;33m![38;2;66;62;53mc[38;2;79;74;67mt[38;2;48;41;29m-[38;2;82;86;83mk[38;2;98;95;90ma[38;2;80;75;66mt[38;2;54;40;23m-[38;2;87;81;76mt[38;2;128;122;114mv[38;2;107;102;94ma[38;2;106;100;91ma[38;2;107;102;96ma[38;2;102;96;89ma[38;2;60;56;45mc[38;2;58;53;40m![38;2;57;54;48m![38;2;70;64;52mj[38;2;65;60;49mc[38;2;118;113;105mu[38;2;129;122;114mv[38;2;78;72;64mj[38;2;74;69;62mj[38;2;99;91;85mk[38;2;173;162;148mX[38;2;128;123;114mv[38;2;91;88;83mk[38;2;120;113;105mu[38;2;113;107;99mo[38;2;115;109;102mo[38;2;72;66;56mj[38;2;49;44;35m![38;2;61;56;49mc[38;2;51;45;35m![38;2;79;74;65mt[38;2;146;137;128my[38;2;142;134;124my[38;2;109;103;93mo[38;2;29;38;47m-[38;2;83;82;79mt[38;2;90;86;82mk[38;2;115;112;108mo[38;2;57;54;47m![38;2;115;109;101mo[38;2;116;110;102mo[38;2;111;106;98mo[38;2;100;95;87ma[38;2;70;65;57mj[38;2;62;58;52mc[38;2;66;61;51mc[38;2;54;49;42m![38;2;150;143;136mz[38;2;150;141;133mz[38;2;132;124;115mv[38;2;89;86;81mk[38;2;201;190;171mB[38;2;140;135;128my[38;2;130;125;119mv[38;2;162;155;143mI[38;2;208;194;170mE[38;2;207;198;182mE[38;2;17;74;120mc[38;2;123;146;157my[38;2;248;232;203m%[38;2;56;99;132mk[38;2;192;204;214mA[38;2;253;252;253m0[38;2;28;28;28m:[38;2;0;0;0m            [0m
[0m[38;2;0;0;0m               [38;2;13;13;13m.[38;2;253;253;253m0[38;2;149;175;198mX[38;2;114;143;158my[38;2;249;233;203m%[38;2;63;106;140ma[38;2;54;100;136mk[38;2;247;230;197m%[38;2;252;232;200m%[38;2;127;129;125mv[38;2;28;79;106mj[38;2;61;76;80mj[38;2;51;90;109mt[38;2;39;79;102mj[38;2;16;57;83m![38;2;36;60;72mc[38;2;67;68;65mj[38;2;82;78;72mt[38;2;135;128;119mv[38;2;120;113;107mu[38;2;147;139;131my[38;2;140;131;120my[38;2;133;125;115mv[38;2;113;107;99mo[38;2;46;74;88mj[38;2;48;68;73mc[38;2;58;69;70mj[38;2;78;100;110ma[38;2;50;77;91mj[38;2;21;63;86m![38;2;21;54;72m![38;2;59;62;59mc[38;2;94;89;82mk[38;2;144;134;126my[38;2;130;124;119mv[38;2;161;152;143mI[38;2;158;148;139mz[38;2;129;122;114mv[38;2;115;109;102mo[38;2;131;123;113mv[38;2;73;90;93mk[38;2;53;67;69mc[38;2;72;66;53mj[38;2;88;84;77mk[38;2;77;87;87mk[38;2;24;50;64m-[38;2;17;47;66m-[38;2;53;53;47m![38;2;55;51;45m![38;2;110;105;98mo[38;2;123;118;112mu[38;2;173;163;152mX[38;2;169;160;151mX[38;2;147;140;133my[38;2;132;127;121mv[38;2;136;127;119mv[38;2;95;106;107mo[38;2;63;62;54mc[38;2;72;65;52mj[38;2;88;84;76mk[38;2;96;92;84mk[38;2;36;47;48m-[38;2;38;61;73mc[38;2;54;54;53m![38;2;59;54;45mc[38;2;68;65;58mj[38;2;100;95;87ma[38;2;151;141;132mz[38;2;154;144;135mz[38;2;142;134;125my[38;2;137;130;123mv[38;2;143;134;126my[38;2;109;107;105mo[38;2;142;136;129my[38;2;123;125;122mv[38;2;58;76;91mj[38;2;112;110;107mo[38;2;253;253;253m0[38;2;129;128;129mv[38;2;0;0;0m            [0m
[0m[38;2;0;0;0m               [38;2;6;6;6m [38;2;82;82;82mt[38;2;251;252;252m0[38;2;85;128;164mu[38;2;185;190;181mB[38;2;222;214;194mG[38;2;22;80;128mj[38;2;117;143;155my[38;2;206;195;176mE[38;2;127;125;122mv[38;2;107;99;93ma[38;2;70;67;65mj[38;2;101;108;108mo[38;2;153;147;140mz[38;2;155;147;139mz[38;2;128;124;119mv[38;2;180;175;171mM[38;2;100;94;86ma[38;2;80;75;68mt[38;2;108;101;94ma[38;2;87;81;74mt[38;2;105;97;87ma[38;2;97;90;80mk[38;2;72;67;60mj[38;2;98;98;96ma[38;2;86;87;86mk[38;2;43;56;64m![38;2;71;92;106mk[38;2;110;118;120mu[38;2;115;113;108mu[38;2;132;129;124mv[38;2;145;140;134my[38;2;83;78;72mt[38;2;103;98;90ma[38;2;120;114;106mu[38;2;116;110;103mo[38;2;114;107;97mo[38;2;110;103;93mo[38;2;80;74;67mt[38;2;79;74;66mt[38;2;85;89;87mk[38;2;73;99;112mk[38;2;32;62;81mc[38;2;46;87;114mt[38;2;60;90;109mt[38;2;81;97;107ma[38;2;94;92;87mk[38;2;143;138;131my[38;2;104;98;92ma[38;2;123;116;110mu[38;2;125;117;110mu[38;2;125;118;111mu[38;2;136;127;118mv[38;2;127;119;110mu[38;2;112;106;96mo[38;2;89;84;77mk[38;2;53;69;75mj[38;2;46;84;104mt[38;2;36;63;77mc[38;2;33;79;104mj[38;2;33;78;105mj[38;2;45;82;106mt[38;2;69;76;77mt[38;2;111;105;98mo[38;2;96;91;86mk[38;2;130;123;116mv[38;2;123;115;109mu[38;2;129;123;116mv[38;2;143;134;125my[38;2;130;122;113mv[38;2;120;112;104mu[38;2;114;107;100mo[38;2;110;102;93mo[38;2;120;117;112mu[38;2;130;123;116mv[38;2;78;72;66mj[38;2;114;111;108mo[38;2;191;190;189mB[38;2;253;253;253m0[38;2;59;58;59mc[38;2;0;0;0m           [0m
[0m[38;2;0;0;0m                [38;2;38;38;38m [38;2;117;117;118mu[38;2;238;242;245mW[38;2;69;114;152mo[38;2;210;209;193mA[38;2;185;190;182mB[38;2;10;70;121mc[38;2;114;137;152mv[38;2;88;83;74mt[38;2;88;80;73mt[38;2;106;99;91ma[38;2;109;102;94mo[38;2;147;139;130my[38;2;108;102;95mo[38;2;91;84;77mk[38;2;125;117;108mu[38;2;82;76;68mt[38;2;54;50;43m![38;2;57;53;43m![38;2;49;46;39m![38;2;52;49;40m![38;2;39;37;30m-[38;2;43;43;42m-[38;2;96;91;82mk[38;2;112;105;98mo[38;2;122;116;110mu[38;2;114;107;98mo[38;2;162;153;143mI[38;2;83;77;72mt[38;2;158;152;145mI[38;2;97;90;83mk[38;2;93;87;80mk[38;2;52;47;39m![38;2;70;64;56mj[38;2;65;61;54mc[38;2;67;63;53mc[38;2;55;52;44m![38;2;44;40;31m-[38;2;54;50;44m![38;2;132;125;119mv[38;2;111;104;98mo[38;2;111;104;97mo[38;2;130;124;116mv[38;2;183;175;166mM[38;2;126;120;114mu[38;2;140;136;130my[38;2;148;142;134mz[38;2;79;72;65mt[38;2;66;62;55mc[38;2;74;69;60mj[38;2;64;60;53mc[38;2;76;72;64mj[38;2;75;71;62mj[38;2;63;60;50mc[38;2;50;47;40m![38;2;136;131;124mv[38;2;105;99;93ma[38;2;94;87;81mk[38;2;120;113;105mu[38;2;183;176;167mM[38;2;157;152;145mI[38;2;126;121;116mu[38;2;169;162;156mX[38;2;85;79;71mt[38;2;74;68;61mj[38;2;86;81;74mt[38;2;78;74;68mt[38;2;91;85;76mk[38;2;84;78;70mt[38;2;71;67;59mj[38;2;68;63;56mj[38;2;60;56;50mc[38;2;174;167;161mX[38;2;117;108;100mo[38;2;105;98;90ma[38;2;85;82;75mt[38;2;196;195;193mE[38;2;177;177;177mM[38;2;90;90;90m [38;2;0;0;0m           [0m
[0m[38;2;0;0;0m              [38;2;8;8;8m.[38;2;40;40;40m-[38;2;63;62;63mc[38;2;137;136;137my[38;2;253;253;253m0[38;2;225;232;238m%[38;2;65;108;144ma[38;2;207;206;191mA[38;2;176;186;183mB[38;2;13;69;116mc[38;2;121;141;149my[38;2;83;78;72mt[38;2;52;47;39m![38;2;61;57;48mc[38;2;66;61;50mc[38;2;52;47;37m![38;2;34;30;22m:[38;2;121;114;106mu[38;2;97;92;86ma[38;2;54;50;43m![38;2;122;113;97mu[38;2;98;93;81mk[38;2;32;30;22m:[38;2;37;34;25m:[38;2;89;85;74mk[38;2;89;82;68mt[38;2;47;42;34m-[38;2;54;49;42m![38;2;74;68;58mj[38;2;80;75;65mt[38;2;62;56;45mc[38;2;57;51;42m![38;2;104;97;89ma[38;2;72;69;61mj[38;2;41;37;30m-[38;2;76;71;60mj[38;2;107;101;88ma[38;2;71;66;55mj[38;2;40;36;27m-[38;2;30;27;20m:[38;2;63;64;62mc[38;2;83;77;65mt[38;2;64;60;51mc[38;2;88;82;72mt[38;2;84;77;68mt[38;2;109;101;93ma[38;2;85;78;67mt[38;2;66;60;51mc[38;2;104;97;88ma[38;2;96;92;86mk[38;2;45;40;33m-[38;2;65;59;48mc[38;2;57;54;45m![38;2;69;65;55mj[38;2;43;40;31m-[38;2;23;22;16m'[38;2;27;32;33m:[38;2;75;70;60mj[38;2;80;74;66mt[38;2;94;88;80mk[38;2;88;82;74mt[38;2;128;121;112mu[38;2;92;86;79mk[38;2;72;66;58mj[38;2;111;103;94mo[38;2;82;77;71mt[38;2;47;44;38m![38;2;50;45;37m![38;2;51;47;39m![38;2;57;53;44m![38;2;53;48;36m![38;2;38;34;27m-[38;2;62;56;46mc[38;2;99;98;91ma[38;2;67;67;65mj[38;2;81;75;67mt[38;2;64;59;52mc[38;2;95;93;90ma[38;2;231;231;230m%[38;2;207;206;207mA[38;2;0;0;0m            [0m
[0m[38;2;0;0;0m           [38;2;4;4;4m [38;2;149;148;149mz[38;2;216;216;216mG[38;2;209;211;214mG[38;2;184;187;192mB[38;2;161;169;178mX[38;2;143;152;161mz[38;2;122;138;153my[38;2;100;120;138mu[38;2;60;88;115mt[38;2;22;67;105mc[38;2;170;169;155mX[38;2;103;109;108mo[38;2;95;103;108ma[38;2;111;107;101mo[38;2;52;48;40m![38;2;120;110;95mo[38;2;201;186;160mB[38;2;160;150;131mz[38;2;141;136;127my[38;2;139;132;124my[38;2;82;75;67mt[38;2;80;74;64mt[38;2;114;105;89mo[38;2;60;56;48mc[38;2;59;55;47mc[38;2;43;39;32m-[38;2;120;114;102mu[38;2;117;112;107mu[38;2;117;111;105mo[38;2;43;38;31m-[38;2;45;40;32m-[38;2;111;103;90mo[38;2;110;104;93mo[38;2;94;89;83mk[38;2;140;134;127my[38;2;60;55;48mc[38;2;112;104;92mo[38;2;158;145;126mz[38;2;73;69;59mj[38;2;67;63;55mc[38;2;50;46;38m![38;2;37;33;26m:[38;2;148;137;119my[38;2;124;116;104mu[38;2;119;113;106mu[38;2;43;38;31m-[38;2;45;40;32m-[38;2;104;96;81ma[38;2;98;91;76mk[38;2;66;61;52mc[38;2;170;165;157mX[38;2;84;77;68mt[38;2;71;66;56mj[38;2;151;141;122my[38;2;142;133;117my[38;2;85;80;70mt[38;2;55;52;43m![38;2;41;37;29m-[38;2;147;135;115my[38;2;121;114;103mu[38;2;94;90;82mk[38;2;41;37;29m-[38;2;56;51;43m![38;2;92;85;71mk[38;2;83;76;62mt[38;2;50;45;37m![38;2;150;142;133mz[38;2;91;84;77mk[38;2;79;75;66mt[38;2;149;139;119my[38;2;148;139;121my[38;2;104;98;84ma[38;2;54;50;41m![38;2;45;41;32m-[38;2;124;121;109mu[38;2;63;102;132ma[38;2;155;162;167mI[38;2;94;90;85mk[38;2;119;114;106mu[38;2;81;77;73mt[38;2;242;242;243mW[38;2;250;249;250mW[38;2;168;167;168mX[38;2;128;127;127mv[38;2;24;24;24m'[38;2;0;0;0m         [0m
[0m[38;2;0;0;0m           [38;2;5;5;5m.[38;2;253;253;253m0[38;2;173;178;184mM[38;2;8;46;81m-[38;2;16;69;116mc[38;2;17;69;114mc[38;2;20;70;113mc[38;2;20;67;107mc[38;2;21;68;110mc[38;2;20;65;105mc[38;2;19;63;102mc[38;2;19;62;99m![38;2;31;60;85mc[38;2;23;48;68m-[38;2;29;52;71m![38;2;41;63;80mc[38;2;44;58;70mc[38;2;47;59;67mc[38;2;43;57;67m![38;2;44;54;62m![38;2;43;47;50m![38;2;32;36;39m-[38;2;52;55;56mc[38;2;62;65;68mj[38;2;72;74;75mj[38;2;75;74;72mt[38;2;62;62;60mc[38;2;68;71;71mj[38;2;69;70;67mj[38;2;60;59;57mc[38;2;51;49;44m![38;2;68;65;58mj[38;2;62;59;54mc[38;2;103;100;95ma[38;2;88;85;81mk[38;2;72;68;61mj[38;2;66;60;50mc[38;2;81;75;65mt[38;2;88;82;73mt[38;2;94;86;75mk[38;2;95;88;78mk[38;2;98;90;79mk[38;2;86;78;66mt[38;2;98;93;84ma[38;2;106;101;95ma[38;2;86;78;69mt[38;2;52;47;39m![38;2;71;64;53mj[38;2;67;61;49mc[38;2;80;76;69mt[38;2;111;108;102mo[38;2;89;84;77mk[38;2;50;46;39m![38;2;60;54;45mc[38;2;74;68;58mj[38;2;75;68;57mj[38;2;77;71;61mj[38;2;74;69;60mj[38;2;60;56;46mc[38;2;99;95;89ma[38;2;103;100;96ma[38;2;64;61;55mc[38;2;38;35;28m-[38;2;67;61;50mc[38;2;81;74;62mt[38;2;95;91;83mk[38;2;129;125;119mv[38;2;119;115;109mu[38;2;64;62;56mc[38;2;48;48;46m![38;2;65;63;56mc[38;2;46;46;42m![38;2;37;39;38m-[38;2;39;43;44m-[38;2;28;33;35m:[38;2;11;29;42m:[38;2;28;37;44m-[38;2;37;47;57m![38;2;64;74;82mj[38;2;51;60;67mc[38;2;22;41;58m-[38;2;22;53;84m![38;2;45;79;110mj[38;2;73;88;105mk[38;2;243;243;244mW[38;2;189;189;189mE[38;2;0;0;0m         [0m
[0m[38;2;0;0;0m           [38;2;4;4;4m [38;2;111;111;111mo[38;2;248;248;249mW[38;2;39;59;81mc[38;2;1;66;123m![38;2;2;74;132mc[38;2;3;75;132mc[38;2;3;75;132mc[38;2;2;74;130mc[38;2;21;83;130mj[38;2;70;114;145mo[38;2;2;72;127mc[38;2;53;102;137mk[38;2;55;109;148ma[38;2;11;78;130mj[38;2;27;82;123mj[38;2;15;83;137mj[38;2;12;80;135mj[38;2;12;81;135mj[38;2;15;84;138mj[38;2;17;86;141mj[38;2;18;87;142mj[38;2;18;83;135mj[38;2;19;81;133mj[38;2;21;79;128mj[38;2;21;78;126mj[38;2;19;75;122mc[38;2;21;76;124mj[38;2;24;77;121mj[38;2;21;73;117mc[38;2;19;69;109mc[38;2;20;67;107mc[38;2;19;67;107mc[38;2;18;64;102mc[38;2;21;66;104mc[38;2;21;65;104mc[38;2;21;65;102mc[38;2;25;70;108mc[38;2;25;66;101mc[38;2;30;71;106mc[38;2;31;72;107mc[38;2;32;69;103mc[38;2;32;70;104mc[38;2;31;67;99mc[38;2;33;68;98mc[38;2;32;67;98mc[38;2;33;68;100mc[38;2;33;67;96mc[38;2;33;68;99mc[38;2;30;67;97mc[38;2;26;59;85m![38;2;28;64;95mc[38;2;30;63;93mc[38;2;35;69;99mc[38;2;38;75;107mj[38;2;35;70;103mc[38;2;36;71;103mj[38;2;34;69;100mc[38;2;30;67;99mc[38;2;24;65;99mc[38;2;20;61;96m![38;2;22;63;100mc[38;2;24;66;101mc[38;2;23;67;103mc[38;2;21;66;104mc[38;2;23;69;107mc[38;2;23;69;107mc[38;2;19;64;102mc[38;2;19;70;112mc[38;2;20;74;118mc[38;2;18;68;110mc[38;2;19;70;113mc[38;2;19;74;120mc[38;2;20;77;126mj[38;2;17;75;125mc[38;2;17;79;130mj[38;2;15;79;131mj[38;2;16;83;137mj[38;2;13;83;138mj[38;2;9;79;134mj[38;2;5;75;131mc[38;2;2;73;129mc[38;2;2;58;106m![38;2;76;91;108mk[38;2;253;253;253m0[38;2;62;62;63mc[38;2;0;0;0m         [0m
[0m[38;2;0;0;0m            [38;2;75;75;75m [38;2;236;236;235m%[38;2;166;173;182mM[38;2;2;48;88m-[38;2;3;76;133mc[38;2;3;75;131mc[38;2;3;75;131mc[38;2;3;74;128mc[38;2;157;170;168mX[38;2;206;198;178mE[38;2;79;109;129ma[38;2;166;169;161mX[38;2;158;161;154mI[38;2;110;123;126mu[38;2;198;196;182mE[38;2;83;106;120ma[38;2;223;215;194mG[38;2;113;131;138mv[38;2;131;141;141my[38;2;144;158;160mI[38;2;140;156;158mz[38;2;121;139;144my[38;2;73;107;130ma[38;2;129;148;156mz[38;2;129;150;160mz[38;2;10;74;125mc[38;2;2;72;127mc[38;2;28;90;138mt[38;2;20;85;138mj[38;2;2;61;107m![38;2;152;155;163mI[38;2;203;205;208mA[38;2;198;201;206mE[38;2;193;197;202mE[38;2;189;194;200mE[38;2;185;192;200mB[38;2;181;188;194mB[38;2;95;112;132mo[38;2;16;56;92m![38;2;173;183;192mM[38;2;170;182;192mM[38;2;166;178;189mM[38;2;163;175;187mM[38;2;160;172;184mX[38;2;157;171;185mX[38;2;155;170;184mX[38;2;152;169;184mX[38;2;47;83;118mt[38;2;2;71;129mc[38;2;35;82;122mj[38;2;117;143;166my[38;2;166;178;190mM[38;2;184;191;198mB[38;2;182;191;198mB[38;2;156;171;184mX[38;2;104;130;155mv[38;2;24;77;123mj[38;2;2;73;131mc[38;2;2;71;126mc[38;2;36;98;147mk[38;2;3;74;130mc[38;2;2;73;129mc[38;2;15;77;125mj[38;2;86;128;155mu[38;2;78;116;142mo[38;2;72;111;136ma[38;2;31;91;136mt[38;2;87;120;143mo[38;2;86;115;132mo[38;2;122;150;165mz[38;2;76;113;139mo[38;2;128;150;161mz[38;2;73;106;125ma[38;2;134;152;158mz[38;2;123;144;153my[38;2;69;109;140ma[38;2;2;71;126mc[38;2;4;74;129mc[38;2;4;74;129mc[38;2;3;73;128mc[38;2;2;71;126mc[38;2;2;36;68m:[38;2;194;198;203mE[38;2;217;217;217mG[38;2;52;52;52m [38;2;0;0;0m         [0m
[0m[38;2;0;0;0m            [38;2;3;3;3m [38;2;233;233;233m%[38;2;242;243;243mW[38;2;23;45;69m-[38;2;2;69;124mc[38;2;3;75;131mc[38;2;3;75;130mc[38;2;25;84;126mj[38;2;135;150;155mz[38;2;133;151;157mz[38;2;112;130;137mv[38;2;150;158;155mI[38;2;168;166;155mX[38;2;126;138;140my[38;2;173;174;161mM[38;2;76;100;114ma[38;2;187;187;175mB[38;2;204;200;183mE[38;2;111;133;146mv[38;2;126;148;157mz[38;2;80;115;139mo[38;2;165;172;166mX[38;2;127;132;130mv[38;2;120;141;150my[38;2;59;96;124mk[38;2;4;71;124mc[38;2;3;73;128mc[38;2;27;89;139mt[38;2;11;80;134mj[38;2;2;53;97m-[38;2;199;201;205mA[38;2;253;252;250m0[38;2;253;252;251m0[38;2;175;180;187mM[38;2;148;157;165mI[38;2;152;159;168mI[38;2;157;165;173mX[38;2;80;93;109mk[38;2;21;53;88m![38;2;170;177;184mM[38;2;175;180;186mM[38;2;207;209;212mA[38;2;253;252;251m0[38;2;252;252;251m0[38;2;222;224;226m8[38;2;189;196;201mE[38;2;191;194;197mE[38;2;53;70;90mj[38;2;108;126;145mu[38;2;245;245;245mW[38;2;253;252;251m0[38;2;240;240;240m%[38;2;186;193;199mE[38;2;172;178;185mM[38;2;206;209;212mA[38;2;228;229;229m8[38;2;81;101;123ma[38;2;1;61;114m![38;2;1;73;130mc[38;2;47;103;151mk[38;2;2;72;129mc[38;2;2;72;127mc[38;2;32;81;117mj[38;2;208;200;178mE[38;2;79;108;125ma[38;2;171;175;166mM[38;2;181;176;159mM[38;2;199;190;172mB[38;2;23;77;118mj[38;2;196;194;181mE[38;2;42;86;117mt[38;2;198;191;172mE[38;2;65;103;127ma[38;2;183;180;166mM[38;2;177;176;162mM[38;2;79;113;138mo[38;2;2;71;126mc[38;2;4;73;128mc[38;2;4;74;129mc[38;2;3;74;128mc[38;2;2;59;105m![38;2;66;79;94mt[38;2;253;252;252m0[38;2;67;67;67mj[38;2;0;0;0m          [0m
[0m[38;2;0;0;0m           [38;2;7;7;7m.[38;2;198;198;198mE[38;2;243;243;244mW[38;2;76;94;113mk[38;2;2;59;108m![38;2;2;74;132mc[38;2;3;75;131mc[38;2;2;71;124mc[38;2;171;175;167mM[38;2;64;101;124mk[38;2;92;124;144mu[38;2;68;109;137ma[38;2;120;137;143my[38;2;20;72;112mc[38;2;120;142;151my[38;2;103;127;142mu[38;2;56;92;120mk[38;2;70;109;136ma[38;2;83;119;144mo[38;2;53;88;114mt[38;2;97;124;138mu[38;2;50;95;126mk[38;2;94;123;139mu[38;2;46;93;128mt[38;2;99;126;141mu[38;2;101;130;146mv[38;2;3;71;125mc[38;2;2;72;126mc[38;2;37;96;142mk[38;2;8;77;131mc[38;2;1;49;90m-[38;2;214;216;219mG[38;2;252;252;250m0[38;2;252;252;250m0[38;2;187;192;197mB[38;2;159;169;179mX[38;2;157;169;179mX[38;2;105;119;135mu[38;2;1;58;108m![38;2;2;66;117m![38;2;2;65;116m![38;2;2;62;111m![38;2;111;122;136mu[38;2;253;252;251m0[38;2;252;252;251m0[38;2;130;138;147my[38;2;1;58;108m![38;2;1;61;110m![38;2;40;66;91mc[38;2;250;250;250m0[38;2;252;252;250m0[38;2;229;230;230m8[38;2;30;64;97mc[38;2;2;64;116m![38;2;2;63;112m![38;2;3;59;107m![38;2;11;56;96m![38;2;2;67;122m![38;2;2;73;130mc[38;2;1;71;126mc[38;2;36;95;146mt[38;2;2;74;131mc[38;2;2;73;129mc[38;2;17;75;119mc[38;2;157;165;159mX[38;2;88;115;128mo[38;2;102;125;137mu[38;2;50;95;127mk[38;2;125;141;146my[38;2;8;69;117mc[38;2;108;133;145mv[38;2;17;72;115mc[38;2;115;139;152my[38;2;94;119;132mo[38;2;70;103;124ma[38;2;65;100;124mk[38;2;69;108;135ma[38;2;63;104;136ma[38;2;45;95;133mk[38;2;2;73;128mc[38;2;3;73;128mc[38;2;2;61;108m![38;2;63;81;99mt[38;2;242;243;244mW[38;2;206;205;206mA[38;2;5;5;5m.[38;2;0;0;0m         [0m
[0m[38;2;0;0;0m          [38;2;5;5;5m.[38;2;207;207;207mA[38;2;242;242;243mW[38;2;73;89;107mk[38;2;2;61;111m![38;2;2;75;132mc[38;2;3;75;131mc[38;2;3;75;131mc[38;2;13;72;118mc[38;2;206;202;187mA[38;2;168;175;168mM[38;2;112;132;140mv[38;2;212;207;188mA[38;2;203;198;181mE[38;2;76;107;125ma[38;2;199;196;181mE[38;2;181;184;178mB[38;2;137;148;149mz[38;2;206;201;185mE[38;2;211;205;187mA[38;2;127;141;142my[38;2;181;181;168mM[38;2;79;106;122ma[38;2;198;193;176mE[38;2;117;132;136mv[38;2;146;160;164mI[38;2;166;167;159mX[38;2;42;83;115mt[38;2;1;70;123mc[38;2;43;101;146mk[38;2;4;73;129mc[38;2;2;47;85m-[38;2;229;231;232m8[38;2;252;252;250m0[38;2;252;252;251m0[38;2;159;167;174mX[38;2;145;152;160mz[38;2;149;157;165mI[38;2;101;110;121mo[38;2;1;61;113m![38;2;3;74;130mc[38;2;3;75;130mc[38;2;2;71;125mc[38;2;125;133;144mv[38;2;253;253;252m0[38;2;253;252;251m0[38;2;121;130;141mv[38;2;1;69;126mc[38;2;1;74;131mc[38;2;54;83;111mt[38;2;252;252;251m0[38;2;253;252;251m0[38;2;223;223;225m8[38;2;16;59;99m![38;2;2;72;130mc[38;2;2;74;132mc[38;2;3;68;121mc[38;2;3;61;109m![38;2;2;74;131mc[38;2;2;72;127mc[38;2;2;72;126mc[38;2;45;103;150mk[38;2;1;71;127mc[38;2;80;112;133mo[38;2;139;151;153mz[38;2;114;133;143mv[38;2;58;96;120mk[38;2;117;135;145mv[38;2;176;180;171mM[38;2;90;117;136mo[38;2;9;70;118mc[38;2;172;176;169mM[38;2;100;126;141mu[38;2;175;172;159mX[38;2;146;157;157mI[38;2;84;113;128mo[38;2;185;182;168mM[38;2;112;130;139mv[38;2;189;187;173mB[38;2;30;80;119mj[38;2;2;73;130mc[38;2;3;74;130mc[38;2;2;73;128mc[38;2;2;58;104m![38;2;85;99;114ma[38;2;251;250;251m0[38;2;188;188;188mB[38;2;7;7;7m [38;2;0;0;0m        [0m
[0m[38;2;0;0;0m          [38;2;86;86;86m [38;2;244;244;244mW[38;2;188;191;196mB[38;2;75;96;118mk[38;2;37;75;110mj[38;2;9;55;94m![38;2;2;56;101m![38;2;2;63;113m![38;2;6;67;116mc[38;2;31;82;121mj[38;2;39;93;136mt[38;2;49;93;124mt[38;2;52;93;123mk[38;2;65;107;136ma[38;2;74;110;133ma[38;2;72;108;132ma[38;2;109;128;136mv[38;2;102;132;151mv[38;2;74;110;134ma[38;2;167;169;160mX[38;2;113;130;134mv[38;2;124;138;141my[38;2;64;99;122mk[38;2;131;143;144my[38;2;176;179;169mM[38;2;108;130;140mv[38;2;193;191;175mB[38;2;71;110;140ma[38;2;1;70;125mc[38;2;33;90;136mt[38;2;2;72;128mc[38;2;4;47;84m-[38;2;243;244;244mW[38;2;252;252;250m0[38;2;253;252;251m0[38;2;176;183;189mM[38;2;160;169;178mX[38;2;156;167;176mX[38;2;152;162;171mI[38;2;70;96;123mk[38;2;2;73;132mc[38;2;2;74;129mc[38;2;2;69;121mc[38;2;138;145;154mz[38;2;253;253;252m0[38;2;253;253;251m0[38;2;110;121;134mu[38;2;2;71;127mc[38;2;2;74;131mc[38;2;3;56;100m![38;2;156;165;175mX[38;2;252;252;251m0[38;2;253;252;251m0[38;2;226;227;228m8[38;2;163;176;187mM[38;2;153;169;182mX[38;2;191;198;205mE[38;2;208;211;215mA[38;2;62;93;122mk[38;2;1;66;119m![38;2;1;71;127mc[38;2;46;101;146mk[38;2;1;73;129mc[38;2;25;77;115mj[38;2;167;175;174mM[38;2;117;136;147mv[38;2;132;144;143my[38;2;163;165;157mX[38;2;217;207;184mA[38;2;117;135;143mv[38;2;8;74;125mc[38;2;170;172;163mX[38;2;105;131;144mv[38;2;142;150;147mz[38;2;81;108;123ma[38;2;113;127;130mv[38;2;124;143;150my[38;2;120;141;150my[38;2;101;124;136mu[38;2;17;77;125mj[38;2;2;73;130mc[38;2;2;73;128mc[38;2;2;71;126mc[38;2;2;70;126mc[38;2;2;51;91m-[38;2;103;115;129mu[38;2;253;252;252m0[38;2;107;106;107mo[38;2;0;0;0m        [0m
[0m[38;2;0;0;0m          [38;2;1;1;1m [38;2;74;74;74m [38;2;136;136;136m [38;2;173;173;173m [38;2;212;212;212m [38;2;47;47;47m![38;2;212;214;218mG[38;2;181;186;193mB[38;2;152;158;165mI[38;2;60;88;115mt[38;2;37;58;75mc[38;2;68;83;92mt[38;2;50;72;88mj[38;2;33;64;89mc[38;2;15;55;87m![38;2;3;51;91m-[38;2;1;55;100m![38;2;1;56;101m![38;2;2;58;105m![38;2;1;62;113m![38;2;1;65;117m![38;2;2;66;117m![38;2;2;70;124mc[38;2;3;69;121mc[38;2;2;68;120mc[38;2;7;76;129mc[38;2;16;75;119mc[38;2;2;69;122mc[38;2;2;72;127mc[38;2;45;104;151mk[38;2;2;75;132mc[38;2;7;45;79m-[38;2;164;172;179mX[38;2;171;178;184mM[38;2;175;182;188mM[38;2;179;185;191mB[38;2;183;188;194mB[38;2;188;192;196mB[38;2;191;195;200mE[38;2;84;99;115ma[38;2;2;74;135mc[38;2;2;73;129mc[38;2;2;66;116m![38;2;126;135;147my[38;2;212;214;216mG[38;2;213;214;216mG[38;2;86;99;114ma[38;2;2;72;129mc[38;2;3;75;132mc[38;2;2;75;133mc[38;2;2;58;103m![38;2;67;92;115mk[38;2;157;166;176mX[38;2;207;210;213mA[38;2;227;228;229m8[38;2;224;226;226m8[38;2;197;201;204mE[38;2;145;152;159mz[38;2;61;89;116mk[38;2;1;62;113m![38;2;1;71;126mc[38;2;33;91;140mt[38;2;1;72;129mc[38;2;7;74;124mc[38;2;47;95;130mk[38;2;24;85;131mj[38;2;14;75;120mc[38;2;23;77;119mj[38;2;20;77;122mj[38;2;13;77;126mc[38;2;2;73;130mc[38;2;3;71;125mc[38;2;2;71;126mc[38;2;1;66;118m![38;2;1;64;117m![38;2;1;62;113m![38;2;1;56;103m![38;2;1;50;92m-[38;2;1;53;98m-[38;2;13;54;90m![38;2;37;72;103mj[38;2;61;91;118mk[38;2;89;109;129mo[38;2;120;133;147mv[38;2;151;160;170mI[38;2;195;200;205mE[38;2;143;143;143mz[38;2;118;118;118m [38;2;0;0;0m        [0m
[0m[38;2;0;0;0m               [38;2;7;7;7m [38;2;35;35;35m [38;2;70;70;70m [38;2;29;29;29m:[38;2;244;246;248mW[38;2;122;155;182mz[38;2;119;143;156my[38;2;234;217;186mG[38;2;240;217;181mG[38;2;237;213;177mG[38;2;221;200;167mA[38;2;187;173;148mM[38;2;155;145;125mz[38;2;168;154;131mI[38;2;151;139;119my[38;2;134;126;110mv[38;2;119;114;103mu[38;2;92;94;89mk[38;2;16;49;77m-[38;2;6;40;70m:[38;2;55;71;82mj[38;2;57;76;88mj[38;2;49;72;89mj[38;2;42;67;86mc[38;2;40;68;90mc[38;2;24;61;90m![38;2;16;53;84m![38;2;8;45;79m-[38;2;3;43;78m-[38;2;2;42;78m:[38;2;1;43;80m-[38;2;1;43;80m-[38;2;1;44;81m-[38;2;1;44;79m-[38;2;1;46;85m-[38;2;2;58;104m![38;2;2;59;106m![38;2;2;58;103m![38;2;1;44;80m-[38;2;2;44;80m-[38;2;2;44;80m-[38;2;1;45;84m-[38;2;1;62;112m![38;2;2;60;108m![38;2;2;63;112m![38;2;2;64;114m![38;2;1;62;111m![38;2;1;50;91m-[38;2;1;44;81m-[38;2;1;38;71m:[38;2;1;40;74m:[38;2;1;42;78m:[38;2;1;48;89m-[38;2;1;53;97m-[38;2;1;51;94m-[38;2;2;50;91m-[38;2;17;60;98m![38;2;4;49;88m-[38;2;10;53;89m![38;2;10;52;87m-[38;2;2;46;84m-[38;2;13;51;82m-[38;2;44;68;86mc[38;2;54;74;89mj[38;2;66;78;84mt[38;2;77;85;88mt[38;2;89;93;92mk[38;2;107;104;96mo[38;2;124;117;106mu[38;2;140;131;114mv[38;2;158;145;123mz[38;2;175;160;135mI[38;2;85;105;116ma[38;2;107;134;155mv[38;2;242;243;245mW[38;2;37;37;37m-[38;2;179;179;179m [38;2;154;154;154m [38;2;130;130;130m [38;2;98;98;98m [38;2;69;69;69m [38;2;22;22;22m [38;2;0;0;0m         [0m
[0m[38;2;0;0;0m                  [38;2;7;7;7m [38;2;133;133;133m [38;2;162;162;162mI[38;2;200;213;224mA[38;2;96;131;159mv[38;2;164;174;173mX[38;2;250;232;201m%[38;2;221;212;188mG[38;2;65;102;129ma[38;2;80;118;142mo[38;2;227;216;191mG[38;2;239;222;193m8[38;2;169;164;152mX[38;2;252;234;202m%[38;2;252;233;200m%[38;2;234;222;196m8[38;2;149;163;166mI[38;2;71;106;130ma[38;2;80;113;133mo[38;2;154;165;162mI[38;2;222;208;181mA[38;2;240;218;182mG[38;2;237;214;177mG[38;2;235;212;176mG[38;2;230;207;171mA[38;2;221;199;166mA[38;2;214;194;162mE[38;2;207;188;158mB[38;2;201;183;154mB[38;2;195;177;150mM[38;2;189;172;146mM[38;2;182;166;141mX[38;2;176;161;135mX[38;2;170;155;131mI[38;2;154;143;124mz[38;2;152;141;121my[38;2;156;141;119mz[38;2;161;146;124mz[38;2;154;144;126mz[38;2;151;139;120my[38;2;153;141;122mz[38;2;155;142;122mz[38;2;155;142;122mz[38;2;158;146;127mz[38;2;161;148;128mz[38;2;163;150;129mz[38;2;166;153;132mI[38;2;170;155;132mI[38;2;177;162;138mX[38;2;184;168;143mX[38;2;190;171;142mM[38;2;196;177;148mM[38;2;205;186;157mB[38;2;208;188;157mB[38;2;159;158;145mI[38;2;81;104;117ma[38;2;54;89;115mt[38;2;139;152;154mz[38;2;224;207;176mA[38;2;236;215;182mG[38;2;237;216;181mG[38;2;249;230;196m%[38;2;214;209;189mA[38;2;75;116;143mo[38;2;131;152;158mz[38;2;238;223;194m8[38;2;252;233;200m%[38;2;207;203;186mA[38;2;93;129;154mu[38;2;177;195;210mE[38;2;195;195;195mE[38;2;146;146;146m [38;2;9;9;9m [38;2;0;0;0m               [0m
[0m[38;2;0;0;0m                    [38;2;45;45;45m [38;2;180;180;180m [38;2;230;230;231m%[38;2;172;190;208mB[38;2;99;133;159mv[38;2;165;175;173mX[38;2;248;231;200m%[38;2;239;225;196m8[38;2;242;227;200m8[38;2;103;106;108mo[38;2;109;111;109mo[38;2;135;134;128my[38;2;202;191;169mE[38;2;246;229;199m%[38;2;193;182;160mB[38;2;244;227;196m8[38;2;220;212;191mG[38;2;144;159;161mI[38;2;77;115;139mo[38;2;73;113;140mo[38;2;131;151;158mz[38;2;193;194;180mE[38;2;222;216;195mG[38;2;202;204;191mA[38;2;202;201;185mE[38;2;200;201;187mE[38;2;179;186;181mB[38;2;182;186;178mB[38;2;188;191;181mB[38;2;212;206;187mA[38;2;223;208;181mA[38;2;113;107;92mo[38;2;168;155;131mI[38;2;156;145;122mz[38;2;75;70;60mj[38;2;104;97;85ma[38;2;104;98;84ma[38;2;170;159;137mI[38;2;150;142;125my[38;2;139;128;110mv[38;2;246;230;200m%[38;2;201;203;193mA[38;2;197;198;185mE[38;2;197;198;188mE[38;2;194;195;183mE[38;2;204;203;187mA[38;2;205;202;186mA[38;2;203;202;189mA[38;2;227;217;192mG[38;2;176;185;180mB[38;2;108;137;152mv[38;2;56;104;137ma[38;2;103;133;151mv[38;2;191;193;181mB[38;2;251;232;199m%[38;2;221;210;189mG[38;2;237;221;193m8[38;2;110;111;109mo[38;2;189;180;162mM[38;2;222;208;183mA[38;2;247;231;200m%[38;2;174;179;173mM[38;2;196;194;180mE[38;2;227;218;196mG[38;2;118;142;154my[38;2;123;154;180mz[38;2;236;241;244m%[38;2;36;36;36m-[38;2;64;64;64m [38;2;0;0;0m                 [0m
[0m[38;2;0;0;0m                      [38;2;61;61;61m [38;2;175;175;175m [38;2;190;190;191mE[38;2;181;197;211mE[38;2;115;145;168my[38;2;139;158;166mI[38;2;224;215;192mG[38;2;248;232;202m%[38;2;172;164;148mX[38;2;173;164;148mX[38;2;237;222;194m8[38;2;120;121;117mu[38;2;105;109;111mo[38;2;123;125;123mv[38;2;136;135;128my[38;2;211;199;176mE[38;2;204;194;174mE[38;2;235;222;194m8[38;2;180;182;170mM[38;2;126;151;162mz[38;2;85;119;141mo[38;2;83;120;144mo[38;2;103;132;147mv[38;2;138;157;161mz[38;2;144;162;165mI[38;2;176;182;176mM[38;2;199;197;182mE[38;2;220;213;194mG[38;2;244;227;197m8[38;2;164;152;131mI[38;2;167;157;136mI[38;2;173;164;143mX[38;2;149;141;122my[38;2;163;150;126mz[38;2;152;142;121mz[38;2;173;163;142mX[38;2;160;150;129mz[38;2;190;178;153mM[38;2;247;231;202m%[38;2;203;201;183mE[38;2;190;192;180mB[38;2;163;174;171mX[38;2;132;155;164mz[38;2;140;160;167mI[38;2;98;131;151mv[38;2;78;119;146mo[38;2;84;122;146mu[38;2;132;152;159mz[38;2;195;196;183mE[38;2;234;220;194m8[38;2;241;223;194m8[38;2;252;234;202m%[38;2;146;142;133mz[38;2;209;197;176mE[38;2;130;128;124mv[38;2;151;145;134mz[38;2;151;145;133mz[38;2;189;179;159mM[38;2;252;233;200m%[38;2;212;207;189mA[38;2;123;147;160my[38;2;124;155;180mz[38;2;222;230;236m8[38;2;58;58;58mc[38;2;110;110;110m [38;2;6;6;6m [38;2;0;0;0m                  [0m
[0m[38;2;0;0;0m                        [38;2;47;47;47m [38;2;146;146;146m [38;2;99;98;99ma[38;2;220;227;234m8[38;2;134;163;186mI[38;2;116;145;164my[38;2;157;170;171mX[38;2;233;221;196m8[38;2;242;225;196m8[38;2;228;214;189mG[38;2;168;162;149mX[38;2;94;100;103ma[38;2;161;155;145mI[38;2;110;111;110mo[38;2;69;77;85mt[38;2;130;129;121mv[38;2;165;162;152mX[38;2;170;163;148mX[38;2;216;203;181mA[38;2;229;213;185mG[38;2;220;213;195mG[38;2;179;186;179mB[38;2;140;156;159mz[38;2;105;135;154mv[38;2;80;119;144mo[38;2;77;116;142mo[38;2;80;118;142mo[38;2;82;117;139mo[38;2;84;120;142mo[38;2;91;127;148mu[38;2;97;131;150mv[38;2;99;132;150mv[38;2;97;130;150mu[38;2;89;124;145mu[38;2;84;119;142mo[38;2;81;120;144mo[38;2;82;121;146mo[38;2;80;119;144mo[38;2;86;123;146mu[38;2;112;140;156my[38;2;144;161;164mI[38;2;180;185;176mB[38;2;221;215;195mG[38;2;239;224;196m8[38;2;207;197;176mE[38;2;158;154;142mI[38;2;142;138;128my[38;2;91;93;93mk[38;2;138;137;131my[38;2;214;202;180mA[38;2;219;204;178mA[38;2;149;145;138mz[38;2;191;183;164mB[38;2;236;221;194m8[38;2;246;229;198m%[38;2;176;181;173mM[38;2;116;145;162my[38;2;142;169;191mX[38;2;234;239;242m%[38;2;20;20;20m'[38;2;104;104;104m [38;2;11;11;11m [38;2;0;0;0m                    [0m
[0m[38;2;0;0;0m                          [38;2;15;15;15m [38;2;94;94;94m [38;2;175;175;175m [38;2;101;101;101ma[38;2;205;216;226mG[38;2;140;166;188mI[38;2;133;157;173mz[38;2;150;166;169mI[38;2;208;204;187mA[38;2;248;233;204m%[38;2;221;206;178mA[38;2;212;202;182mA[38;2;183;175;158mM[38;2;100;105;105mo[38;2;200;188;167mB[38;2;132;130;123mv[38;2;155;151;140mz[38;2;242;227;200m8[38;2;133;131;124mv[38;2;164;160;147mI[38;2;159;156;145mI[38;2;181;172;153mM[38;2;223;210;185mG[38;2;206;197;178mE[38;2;214;202;178mA[38;2;222;210;185mA[38;2;220;211;189mG[38;2;231;220;195mG[38;2;207;201;183mE[38;2;205;198;177mE[38;2;211;204;184mA[38;2;213;203;181mA[38;2;218;208;187mA[38;2;226;213;188mG[38;2;213;203;181mA[38;2;198;191;173mB[38;2;189;180;160mM[38;2;154;151;140mz[38;2;197;190;173mB[38;2;108;112;112mo[38;2;120;120;116mu[38;2;68;75;81mj[38;2;126;124;118mv[38;2;107;109;109mo[38;2;80;86;93mk[38;2;128;127;121mv[38;2;160;153;139mI[38;2;214;200;176mA[38;2;214;204;182mA[38;2;241;227;199m8[38;2;179;184;176mB[38;2;132;155;166mz[38;2;131;159;179mI[38;2;188;203;216mE[38;2;124;124;124mv[38;2;172;172;172m [38;2;78;78;78m [38;2;3;3;3m [38;2;0;0;0m                      [0m
[0m[38;2;0;0;0m                             [38;2;16;16;16m [38;2;86;86;86m [38;2;157;157;157m [38;2;10;10;10m.[38;2;228;233;237m%[38;2;167;186;203mB[38;2;136;160;178mI[38;2;137;160;173mI[38;2;150;164;166mI[38;2;199;198;182mE[38;2;243;228;199m8[38;2;252;233;202m%[38;2;210;199;177mE[38;2;252;233;201m%[38;2;226;213;190mG[38;2;132;133;130mv[38;2;175;166;147mX[38;2;106;110;112mo[38;2;107;110;109mo[38;2;84;87;87mk[38;2;122;124;121mv[38;2;96;99;100ma[38;2;72;80;88mt[38;2;75;81;85mt[38;2;250;234;205m%[38;2;88;95;97mk[38;2;175;169;155mX[38;2;49;59;68mc[38;2;83;86;86mk[38;2;104;107;106mo[38;2;127;128;123mv[38;2;98;101;101ma[38;2;73;80;86mt[38;2;52;61;71mc[38;2;95;99;99ma[38;2;135;132;122mv[38;2;104;109;109mo[38;2;172;165;148mX[38;2;153;149;139mz[38;2;189;181;164mM[38;2;211;200;178mE[38;2;242;226;195m8[38;2;245;231;204m%[38;2;198;197;183mE[38;2;145;163;167mI[38;2;133;156;170mz[38;2;138;165;186mI[38;2;195;209;220mA[38;2;134;134;135my[38;2;186;186;186m [38;2;108;108;108m [38;2;23;23;23m [38;2;0;0;0m                         [0m
[0m[38;2;0;0;0m                                [38;2;2;2;2m [38;2;51;51;51m [38;2;110;110;110m [38;2;163;163;163m [38;2;216;216;216m [38;2;168;171;174mX[38;2;184;200;213mE[38;2;147;173;192mX[38;2;144;168;182mX[38;2;145;165;174mI[38;2;148;165;170mI[38;2;172;177;171mM[38;2;205;203;185mA[38;2;234;224;201m8[38;2;242;226;199m8[38;2;219;204;176mA[38;2;230;216;189mG[38;2;196;185;165mB[38;2;190;181;164mB[38;2;183;174;157mM[38;2;156;151;139mz[38;2;252;235;203m%[38;2;156;153;144mI[38;2;200;189;167mB[38;2;162;156;141mI[38;2;144;143;135mz[38;2;181;172;154mM[38;2;168;161;146mI[38;2;192;184;167mB[38;2;201;190;170mB[38;2;220;207;182mA[38;2;224;210;184mG[38;2;232;219;195mG[38;2;237;226;201m8[38;2;207;205;188mA[38;2;175;182;175mM[38;2;147;163;166mI[38;2;144;165;174mI[38;2;144;170;186mX[38;2;145;170;189mX[38;2;183;200;214mE[38;2;140;142;144my[38;2;209;209;209m [38;2;151;151;151m [38;2;88;88;88m [38;2;22;22;22m [38;2;0;0;0m                            [0m
[0m[38;2;0;0;0m                                     [38;2;25;25;25m [38;2;76;76;76m [38;2;123;123;123m [38;2;170;170;170m [38;2;209;209;209m [38;2;65;65;65mc[38;2;213;222;229mG[38;2;180;198;212mE[38;2;150;175;195mX[38;2;142;167;185mI[38;2;142;167;182mI[38;2;141;164;176mI[38;2;142;163;173mI[38;2;141;160;168mI[38;2;141;159;166mI[38;2;142;160;166mI[38;2;140;158;163mI[38;2;142;160;165mI[38;2;144;162;167mI[38;2;141;160;165mI[38;2;138;156;161mz[38;2;139;159;164mI[38;2;140;159;166mI[38;2;140;159;168mI[38;2;142;165;177mI[38;2;139;163;177mI[38;2;141;164;179mI[38;2;140;165;184mI[38;2;148;174;194mX[38;2;175;194;210mB[38;2;209;219;229mG[38;2;94;94;95mk[38;2;212;212;212m [38;2;174;174;174m [38;2;126;126;126m [38;2;75;75;75m [38;2;21;21;21m [38;2;0;0;0m                                [0m
[0m[38;2;0;0;0m                                          [38;2;8;8;8m [38;2;39;39;39m [38;2;70;70;70m [38;2;100;100;100m [38;2;124;124;124m [38;2;149;149;149m [38;2;170;170;170m [38;2;188;188;188m [38;2;205;205;205m [38;2;217;217;217m [38;2;227;227;227m [38;2;230;230;230m [38;2;232;232;232m [38;2;230;230;230m [38;2;231;231;231m [38;2;230;230;230m [38;2;228;228;228m [38;2;220;220;220m [38;2;206;206;206m [38;2;192;192;192m [38;2;172;172;172m [38;2;152;152;152m [38;2;129;129;129m [38;2;106;106;106m [38;2;75;75;75m [38;2;44;44;44m [38;2;12;12;12m [38;2;0;0;0m                                     [0m
[0m[38;2;0;0;0m                                                                                                          [0m
[0m[38;2;0;0;0m                                                                                                          [0m
[0m[38;2;0;0;0m                                                                                                          [0m
[0m[38;2;0;0;0m                                                                                                          [0m
[0m[38;2;0;0;0m                                                                                                          [0m
[0m[38;2;0;0;0m                                                                                                          [0m
